1 0.626596031322
2 0.747989338374
3 0.80207926579
4 0.833695215119
5 0.854658658011
6 0.870176049478
7 0.881807667914
8 0.891212449065
9 0.898804090549
10 0.90527733907
11 0.910678621616
12 0.915298106857
13 0.919346374342
14 0.922936175328
15 0.926142953668
16 0.929037178897
17 0.931598124681
18 0.933913670675
19 0.936111491094
20 0.93813769747
21 0.93997156347
22 0.941671122828
23 0.943204042464
24 0.944694680379
25 0.946085831893
26 0.947384958485
27 0.948629367557
28 0.949774290227
29 0.950862008216
30 0.951865991817
31 0.952855881512
32 0.953769498298
33 0.954688918458
34 0.955535381924
35 0.956322153549
36 0.9570782502
37 0.95777962933
38 0.958512512488
39 0.959159174097
40 0.959812468133
41 0.960435916249
42 0.960958219857
43 0.961497933585
44 0.962070809446
45 0.962585651574
46 0.963077280208
47 0.963547353454
48 0.964024888181
49 0.964493303322
50 0.964926069168
51 0.965360493121
52 0.965779994114
53 0.966126538412
54 0.966507902951
55 0.96687931885
56 0.967231666522
57 0.96760308242
58 0.967922267958
59 0.968230675803
60 0.968575561995
61 0.968888944159
62 0.969182429043
63 0.969499956475
64 0.969803389999
65 0.970120088377
66 0.970388701661
67 0.970662289265
68 0.970925928229
69 0.971176302339
70 0.971399317689
71 0.9716621276
72 0.971898407803
73 0.97213800422
74 0.972377600637
75 0.972622171374
76 0.972845186724
77 0.973076492607
78 0.97329784985
79 0.97349101928
80 0.973668436696
81 0.973869896659
82 0.974049801234
83 0.974246286877
84 0.97443282388
85 0.974627651416
86 0.974784342499
87 0.974973366661
88 0.975152442184
89 0.97532239812
90 0.975483234469
91 0.975638267444
92 0.97578086462
93 0.975920145582
94 0.976095904891
95 0.976268347987
96 0.976411774216
97 0.976563490978
98 0.976719353007
99 0.976868582609
100 0.977016154104
101 0.977176990453
102 0.977307980882
103 0.977447261844
104 0.977595662393
105 0.977723336608
106 0.977856814197
107 0.977996095159
108 0.978103872094
109 0.978230717256
110 0.978359220524
111 0.978491869059
112 0.978628662861
113 0.97875716613
114 0.978875720758
115 0.979001736867
116 0.979105368535
117 0.97923304275
118 0.979337503472
119 0.979441964193
120 0.979552228288
121 0.97965917617
122 0.979764465945
123 0.97987970436
124 0.979970071174
125 0.980053805562
126 0.980156608177
127 0.980250291205
128 0.98033817086
129 0.980439315368
130 0.980527195022
131 0.980634971957
132 0.980728654985
133 0.98081404748
134 0.980905243348
135 0.980999755429
136 0.98107934455
137 0.981152301245
138 0.981233548473
139 0.981321428127
140 0.981392726715
141 0.981471486783
142 0.981549417797
143 0.981629006918
144 0.981715228466
145 0.981803937174
146 0.981885184402
147 0.981970576897
148 0.982061772765
149 0.982136387566
150 0.98221680574
151 0.982274010421
152 0.982351941436
153 0.982433188664
154 0.982494538611
155 0.982565008145
156 0.982642110107
157 0.982713408694
158 0.982791339709
159 0.982867612617
160 0.982922330137
161 0.982992799672
162 0.983056636779
163 0.983117986727
164 0.983184310994
165 0.983240686622
166 0.983297062249
167 0.983347634504
168 0.983418104038
169 0.983497693159
170 0.983561530267
171 0.983623709268
172 0.983689204482
173 0.983747238216
174 0.983798639523
175 0.983848382724
176 0.983903929298
177 0.983960304926
178 0.984019996767
179 0.984063107541
180 0.984117825061
181 0.984172542582
182 0.984235550637
183 0.984291097211
184 0.984347472838
185 0.984398045092
186 0.984452762613
187 0.984503334867
188 0.984551419961
189 0.984591214522
190 0.984637641509
191 0.98468738471
192 0.984747905604
193 0.984800965018
194 0.984857340646
195 0.984904596686
196 0.984944391247
197 0.984996621608
198 0.985054655342
199 0.985102740436
200 0.985142534996
201 0.985198910624
202 0.985234559918
203 0.985293422705
204 0.985344824013
205 0.985392909107
206 0.985434361774
207 0.985479130655
208 0.985522241429
209 0.985559548829
210 0.985600172443
211 0.985637479844
212 0.985683077778
213 0.985730333818
214 0.985761837845
215 0.985805777673
216 0.9858497175
217 0.985896144487
218 0.985937597155
219 0.985976562662
220 0.986027963969
221 0.98607522001
222 0.986111698357
223 0.986155638185
224 0.986194603692
225 0.986224449612
226 0.986260927959
227 0.98629823536
228 0.986332226547
229 0.986385285961
230 0.986419277148
231 0.986449123069
232 0.986478968989
233 0.98651378923
234 0.986545293257
235 0.986585087817
236 0.986620737111
237 0.986653899245
238 0.986696180966
239 0.986735975526
240 0.986762505233
241 0.986802299794
242 0.986841265301
243 0.986871111222
244 0.986908418622
245 0.986932461169
246 0.986970597623
247 0.987012879344
248 0.987038579997
249 0.987074229291
250 0.987109878585
251 0.987143040719
252 0.987171228533
253 0.987206877827
254 0.987233407534
255 0.987263253454
256 0.987288125054
257 0.987321287188
258 0.987354449322
259 0.987379320922
260 0.987405850629
261 0.98743569655
262 0.987464713417
263 0.987490414071
264 0.987526063365
265 0.987558396445
266 0.987582438992
267 0.987605652486
268 0.987630524086
269 0.98766368622
270 0.987695190247
271 0.987720890901
272 0.987745762501
273 0.987768146941
274 0.987794676648
275 0.987828667836
276 0.987857684703
277 0.987885872516
278 0.98791903465
279 0.987943906251
280 0.987971265011
281 0.987999452825
282 0.988024324425
283 0.988051683186
284 0.988079870999
285 0.988098939226
286 0.9881296142
287 0.988155314854
288 0.988183502667
289 0.988208374268
290 0.988233245868
291 0.988258946522
292 0.988282989069
293 0.988308689723
294 0.98833770659
295 0.988359261977
296 0.98838247547
297 0.988412321391
298 0.988433047724
299 0.988462064592
300 0.988486936192
301 0.988514294952
302 0.988539166553
303 0.988564867206
304 0.988593884073
305 0.988614610407
306 0.988640311061
307 0.988664353608
308 0.988685079941
309 0.988708293435
310 0.988733165036
311 0.988752233262
312 0.988770472436
313 0.988787053503
314 0.98880860889
315 0.988829335224
316 0.988853377771
317 0.988874104104
318 0.988897317598
319 0.988913898665
320 0.988934624998
321 0.988950377012
322 0.988971103346
323 0.988991829679
324 0.9890092398
325 0.989037427613
326 0.989057324894
327 0.989079709334
328 0.989107068094
329 0.989127794428
330 0.989149349815
331 0.989170905202
332 0.989194118696
333 0.989212357869
334 0.989227280829
335 0.989248007163
336 0.98926956255
337 0.98929194699
338 0.989306869951
339 0.989318476697
340 0.989331741551
341 0.989343348298
342 0.989366561791
343 0.989386459072
344 0.989413817832
345 0.989434544166
346 0.989453612393
347 0.989474338726
348 0.989495894113
349 0.989508329913
350 0.989532372461
351 0.989553927847
352 0.989572167021
353 0.989588748088
354 0.989602841995
355 0.989616935902
356 0.989636833182
357 0.989654243302
358 0.989669166263
359 0.989688234489
360 0.989706473663
361 0.989729687157
362 0.989743781064
363 0.989766165504
364 0.989781917517
365 0.989800156691
366 0.989821712078
367 0.989839122198
368 0.989863164745
369 0.989883062026
370 0.989900472146
371 0.989915395106
372 0.989935292386
373 0.989951873453
374 0.989970112627
375 0.989986693694
376 0.989999129494
377 0.990019855828
378 0.990034778788
379 0.990051359855
380 0.990072915242
381 0.990089496309
382 0.990102761162
383 0.990119342229
384 0.990140068563
385 0.990158307736
386 0.990178205017
387 0.99019146987
388 0.990205563777
389 0.990218828631
390 0.990232922537
391 0.990246187391
392 0.990263597511
393 0.990281836685
394 0.990300075858
395 0.990314169765
396 0.990334067046
397 0.990353135272
398 0.990364742019
399 0.990378006873
400 0.990392929833
401 0.990411169007
402 0.99042443386
403 0.990437698714
404 0.990446818301
405 0.990462570314
406 0.990486612861
407 0.990502364875
408 0.990518116888
409 0.990530552688
410 0.990545475649
411 0.990557082395
412 0.990572834409
413 0.990582783049
414 0.990604338436
415 0.990621748556
416 0.990634184357
417 0.99065242353
418 0.990664030277
419 0.990675637024
420 0.990693047144
421 0.990707141051
422 0.990718747798
423 0.990737816025
424 0.990751080878
425 0.990761858572
426 0.990774294372
427 0.990792533546
428 0.990803311239
429 0.990819892306
430 0.990838960533
431 0.990853883493
432 0.99086549024
433 0.990883729414
434 0.99089782332
435 0.990912746281
436 0.990926011134
437 0.990945079361
438 0.990958344215
439 0.990979070548
440 0.990993164455
441 0.991009745522
442 0.991027155642
443 0.991038762389
444 0.991047052923
445 0.991070266416
446 0.991084360323
447 0.991096796123
448 0.991110060977
449 0.991122496777
450 0.991134932577
451 0.991147368377
452 0.991155658911
453 0.991168094711
454 0.991180530511
455 0.991197111578
456 0.991208718325
457 0.991221983179
458 0.991239393299
459 0.991255974366
460 0.991265923006
461 0.991273384486
462 0.991285820286
463 0.991297427033
464 0.991312349993
465 0.99132146958
466 0.99133390538
467 0.9913388797
468 0.9913513155
469 0.991365409407
470 0.991372870887
471 0.991384477634
472 0.991397742488
473 0.991408520181
474 0.991421785035
475 0.991436707995
476 0.991446656635
477 0.991459092435
478 0.991466553915
479 0.991478160662
480 0.991488938356
481 0.991498886996
482 0.991508006583
483 0.991518784276
484 0.99152956197
485 0.991538681556
486 0.991547801143
487 0.99156438221
488 0.991577647064
489 0.991585108544
490 0.991594228131
491 0.991607492984
492 0.991612467304
493 0.991622415944
494 0.991643142278
495 0.991653919971
496 0.991663868612
497 0.991676304412
498 0.991689569265
499 0.991706979386
500 0.991713611812
501 0.991727705719
502 0.991739312466
503 0.991748432053
504 0.991758380693
505 0.991766671226
506 0.991780765133
507 0.99179237188
508 0.991798175254
509 0.991809782
510 0.991817243481
511 0.991822217801
512 0.991834653601
513 0.991841286028
514 0.991849576561
515 0.991864499521
516 0.991877764375
517 0.991883567748
518 0.991893516388
519 0.991904294082
520 0.991914242722
521 0.991922533255
522 0.991931652842
523 0.991944088642
524 0.991948233909
525 0.991957353496
526 0.991967302136
527 0.991979737936
528 0.991986370363
529 0.99199300279
530 0.992008754803
531 0.992021190604
532 0.992033626404
533 0.992046891257
534 0.992056010844
535 0.992060156111
536 0.992073420964
537 0.992085027711
538 0.992093318245
539 0.992099121618
540 0.992108241205
541 0.992119847952
542 0.992128967538
543 0.992139745232
544 0.992149693872
545 0.992161300619
546 0.992171249259
547 0.992185343166
548 0.992195291806
549 0.99220358234
550 0.992207727606
551 0.992217676246
552 0.99222596678
553 0.992240060687
554 0.99225083838
555 0.99225829986
556 0.99226576134
557 0.992272393767
558 0.992281513354
559 0.992292291047
560 0.992302239688
561 0.992311359274
562 0.992318820755
563 0.992326282235
564 0.992332914661
565 0.992343692355
566 0.992352811942
567 0.992356128155
568 0.992367734902
569 0.992376854489
570 0.992389290289
571 0.992398409876
572 0.992403384196
573 0.992415819996
574 0.992424110529
575 0.992430742956
576 0.992440691596
577 0.992444836863
578 0.992453127396
579 0.992462246983
580 0.992467221303
581 0.99247882805
582 0.992487947637
583 0.992497896277
584 0.992506186811
585 0.992514477344
586 0.992523596931
587 0.992529400304
588 0.992534374624
589 0.992541007051
590 0.992550126638
591 0.992555100958
592 0.992560075278
593 0.992564220545
594 0.992570852972
595 0.992579972558
596 0.992586604985
597 0.992593237412
598 0.992599869839
599 0.992606502265
600 0.992613134692
601 0.992616450906
602 0.992622254279
603 0.992633861026
604 0.992636348186
605 0.992645467773
606 0.992654587359
607 0.992663706946
608 0.99266951032
609 0.9926769718
610 0.99268194612
611 0.992691065707
612 0.992698527187
613 0.992708475827
614 0.99271676636
615 0.992720082574
616 0.992728373107
617 0.992738321747
618 0.992748270387
619 0.992757389974
620 0.992763193348
621 0.992768167668
622 0.992774800095
623 0.992782261575
624 0.992790552108
625 0.992795526428
626 0.992803816962
627 0.992811278442
628 0.992823714242
629 0.992832833829
630 0.992843611522
631 0.992851073002
632 0.992859363536
633 0.992862679749
634 0.992871799336
635 0.992882577029
636 0.992893354723
637 0.99290496147
638 0.992915739163
639 0.992929004017
640 0.992936465497
641 0.992941439817
642 0.992948901297
643 0.992958020884
644 0.992959678991
645 0.992966311417
646 0.992977089111
647 0.992982892484
648 0.992991183018
649 0.992998644498
650 0.993005276925
651 0.993010251245
652 0.993021857991
653 0.993026003258
654 0.993036780952
655 0.993040926218
656 0.993047558645
657 0.993053362019
658 0.993057507285
659 0.993065797819
660 0.993074088352
661 0.993079062672
662 0.993089840366
663 0.993095643739
664 0.993102276166
665 0.993112224806
666 0.99312051534
667 0.993124660606
668 0.99313295114
669 0.993137096406
670 0.99314538694
671 0.993148703153
672 0.993156993687
673 0.99316279706
674 0.99316777138
675 0.993174403807
676 0.993181865287
677 0.993184352447
678 0.993191813927
679 0.993199275407
680 0.993208394994
681 0.993215027421
682 0.993217514581
683 0.993224976061
684 0.993230779435
685 0.993234095648
686 0.993241557128
687 0.993252334821
688 0.993261454408
689 0.993267257782
690 0.993271403048
691 0.993286326009
692 0.993291300329
693 0.993295445595
694 0.993305394236
695 0.993310368556
696 0.993317000982
697 0.993326120569
698 0.993333582049
699 0.993342701636
700 0.993349334063
701 0.99335845365
702 0.99336342797
703 0.99336591513
704 0.993372547557
705 0.99337835093
706 0.993384154303
707 0.993389957677
708 0.993399077264
709 0.99340570969
710 0.99340819685
711 0.993412342117
712 0.993416487384
713 0.993420632651
714 0.993430581291
715 0.993438871824
716 0.993443017091
717 0.993448820464
718 0.993452965731
719 0.993459598158
720 0.993462085318
721 0.993464572478
722 0.993470375851
723 0.993477008278
724 0.993484469758
725 0.993490273132
726 0.993497734612
727 0.993503537985
728 0.993511828519
729 0.993516802839
730 0.993522606212
731 0.993530896746
732 0.993542503492
733 0.993549964972
734 0.993552452133
735 0.993555768346
736 0.993561571719
737 0.993569862253
738 0.993575665626
739 0.993581469
740 0.99358644332
741 0.993592246693
742 0.993595562906
743 0.993600537227
744 0.9936063406
745 0.993612973027
746 0.993619605454
747 0.993624579774
748 0.9936312122
749 0.99364116084
750 0.993644477054
751 0.993651938534
752 0.993653596641
753 0.993663545281
754 0.993667690548
755 0.993674322974
756 0.993678468241
757 0.993681784454
758 0.993686758774
759 0.993690074988
760 0.993697536468
761 0.993701681735
762 0.993706656055
763 0.993712459428
764 0.993716604695
765 0.993724895228
766 0.993729869548
767 0.993734014815
768 0.993738989135
769 0.993742305349
770 0.993748108722
771 0.993750595882
772 0.993754741149
773 0.993758886416
774 0.993763031682
775 0.993766347896
776 0.993774638429
777 0.993776296536
778 0.993782928963
779 0.993787074229
780 0.993794535709
781 0.99380199719
782 0.993810287723
783 0.99381692015
784 0.993820236363
785 0.99382686879
786 0.99382935595
787 0.993835988377
788 0.993838475537
789 0.993843449857
790 0.993845937017
791 0.99385174039
792 0.99386168903
793 0.99386915051
794 0.993874953884
795 0.993878270097
796 0.993883244417
797 0.993885731577
798 0.993894851164
799 0.993896509271
800 0.993901483591
801 0.993903970751
802 0.993910603178
803 0.993914748444
804 0.993921380871
805 0.993924697085
806 0.993932158565
807 0.993942936258
808 0.993945423418
809 0.993947910578
810 0.993951226792
811 0.993959517325
812 0.993963662592
813 0.993967807859
814 0.993974440285
815 0.993979414605
816 0.993982730819
817 0.993991021352
818 0.993995995672
819 0.994000969992
820 0.994003457152
821 0.994006773366
822 0.994011747686
823 0.994017551059
824 0.994028328753
825 0.994031644966
826 0.994036619286
827 0.994041593606
828 0.99404739698
829 0.994053200353
830 0.994058174673
831 0.9940648071
832 0.99406978142
833 0.9940772429
834 0.994078071954
835 0.99408221722
836 0.99409216586
837 0.994096311127
838 0.994100456394
839 0.994104601661
840 0.994105430714
841 0.994112892194
842 0.994114550301
843 0.994121182728
844 0.994126157048
845 0.994129473261
846 0.994136934741
847 0.994140250954
848 0.994143567168
849 0.994151028648
850 0.994151857701
851 0.994156832021
852 0.994163464448
853 0.994167609715
854 0.994170096875
855 0.994175900248
856 0.994183361728
857 0.994188336048
858 0.994190823209
859 0.994197455635
860 0.994201600902
861 0.994208233329
862 0.994214036702
863 0.994220669129
864 0.994223156289
865 0.994229788716
866 0.994234763036
867 0.994238908303
868 0.994243053569
869 0.994248027889
870 0.994253002209
871 0.994255489369
872 0.994259634636
873 0.99426295085
874 0.994271241383
875 0.994276215703
876 0.994281190023
877 0.994282019077
878 0.99428284813
879 0.994289480557
880 0.994291138663
881 0.994296942037
882 0.994298600143
883 0.994304403517
884 0.994311035944
885 0.99431518121
886 0.994319326477
887 0.994325958904
888 0.994331762277
889 0.994336736597
890 0.994340052811
891 0.994345027131
892 0.994350830504
893 0.994354975771
894 0.994358291984
895 0.994362437251
896 0.994367411571
897 0.994370727784
898 0.994378189265
899 0.994380676425
900 0.994384821691
901 0.994389796011
902 0.994394770331
903 0.994400573705
904 0.994406377078
905 0.994408035185
906 0.994413838558
907 0.994414667612
908 0.994417983825
909 0.994422958145
910 0.994423787199
911 0.994425445305
912 0.994432077732
913 0.994438710159
914 0.994445342586
915 0.994452804066
916 0.994459436492
917 0.994465239866
918 0.994470214186
919 0.994474359453
920 0.994478504719
921 0.994482649986
922 0.994489282413
923 0.994492598626
924 0.994500060106
925 0.994505034426
926 0.994506692533
927 0.994511666853
928 0.994514154013
929 0.994519957387
930 0.994522444547
931 0.99452824792
932 0.994534051294
933 0.99454068372
934 0.994544828987
935 0.994548974254
936 0.994552290467
937 0.994557264787
938 0.994558093841
939 0.994561410054
940 0.994566384374
941 0.994568871534
942 0.994570529641
943 0.994574674907
944 0.994579649228
945 0.994584623548
946 0.994587110708
947 0.994594572188
948 0.994602033668
949 0.994610324201
950 0.994613640415
951 0.994616956628
952 0.994621101895
953 0.994624418108
954 0.994630221482
955 0.994631879588
956 0.994636024855
957 0.994640999175
958 0.994642657282
959 0.994645973495
960 0.994648460655
961 0.994650947815
962 0.994657580242
963 0.994659238349
964 0.994661725509
965 0.994665041722
966 0.994668357935
967 0.994673332256
968 0.994677477522
969 0.994680793736
970 0.994683280896
971 0.994688255216
972 0.994691571429
973 0.994694058589
974 0.994698203856
975 0.994699032909
976 0.994705665336
978 0.994708981549
979 0.994709810603
980 0.994714784923
981 0.994717272083
982 0.99472390451
983 0.994727220723
984 0.994730536936
985 0.994737169363
986 0.99473882747
987 0.994742972737
988 0.99474877611
989 0.994750434217
990 0.99475623759
991 0.994760382857
992 0.994762040964
993 0.994769502444
994 0.994772818657
995 0.994775305817
996 0.99478110919
997 0.994784425404
998 0.994788570671
999 0.994792715937
1000 0.994796032151
1001 0.994801006471
1002 0.994801835524
1003 0.994804322684
1004 0.994806809844
1005 0.994810126058
1006 0.994813442271
1007 0.994816758484
1008 0.994820903751
1009 0.994825878071
1010 0.994826707124
1011 0.994830023338
1012 0.994832510498
1013 0.994838313871
1014 0.994839142925
1015 0.994842459138
1016 0.994844946298
1017 0.994846604405
1018 0.994847433458
1019 0.994853236832
1020 0.994856553045
1021 0.994862356418
1022 0.994864843578
1023 0.994869817898
1024 0.994877279379
1025 0.994879766539
1026 0.994882253699
1027 0.994887228019
1028 0.994888057072
1029 0.994893031392
1030 0.994897176659
1031 0.994901321926
1032 0.994902980032
1033 0.994907125299
1034 0.994911270566
1035 0.994914586779
1036 0.994915415832
1037 0.994921219206
1038 0.994926193526
1039 0.994932825953
1040 0.994936142166
1041 0.994938629326
1042 0.994941945539
1043 0.9949444327
1044 0.99494691986
1045 0.994950236073
1046 0.994952723233
1047 0.99495935566
1048 0.994963500926
1049 0.994967646193
1050 0.9949693043
1051 0.99497179146
1052 0.99497427862
1053 0.994975936727
1054 0.994980081993
1055 0.994988372527
1056 0.994992517794
1057 0.994995834007
1058 0.994997492114
1059 0.995000808327
1060 0.995005782647
1061 0.9950066117
1062 0.995009927914
1063 0.995011586021
1064 0.995017389394
1065 0.995019876554
1066 0.995021534661
1067 0.995023192767
1068 0.995028996141
1069 0.995031483301
1070 0.995034799514
1071 0.995038944781
1072 0.995040602888
1073 0.995044748154
1074 0.995050551528
1075 0.995053867741
1076 0.995058013008
1077 0.995062158275
1078 0.995065474488
1079 0.995068790701
1080 0.995072106915
1081 0.995074594075
1082 0.995079568395
1083 0.995081226502
1084 0.995083713662
1085 0.995086200822
1086 0.995089517035
1087 0.995090346088
1088 0.995095320408
1089 0.995100294728
1090 0.995101952835
1091 0.995104439995
1092 0.995106927155
1093 0.995107756209
1094 0.995110243369
1095 0.995111901475
1096 0.995113559582
1097 0.995118533902
1098 0.995121850115
1099 0.995124337275
1100 0.995126824436
1101 0.995130140649
1102 0.995132627809
1103 0.995135114969
1104 0.995140089289
1105 0.995142576449
1106 0.995149208876
1107 0.995150037929
1108 0.995153354143
1109 0.995157499409
1110 0.995162473729
1111 0.995166618996
1112 0.995168277103
1113 0.995173251423
1114 0.995176567636
1115 0.995179054796
1116 0.995181541956
1117 0.99518237101
1118 0.99518485817
1119 0.995189003436
1120 0.99519231965
1121 0.995195635863
1122 0.995200610183
1123 0.995203097343
1124 0.99520475545
1125 0.995208071663
1127 0.995210558823
1128 0.995211387877
1129 0.99521221693
1130 0.995213875037
1131 0.99521470409
1132 0.99521719125
1133 0.99522216557
1134 0.995227968944
1135 0.995230456104
1136 0.995232943264
1137 0.995233772317
1138 0.995235430424
1139 0.995236259477
1140 0.995240404744
1141 0.995242062851
1142 0.995246208117
1143 0.995248695277
1144 0.995249524331
1145 0.995253669597
1146 0.995254498651
1147 0.995258643917
1148 0.995262789184
1149 0.995266105398
1150 0.995267763504
1151 0.995269421611
1152 0.995271079718
1153 0.995273566878
1154 0.995276883091
1155 0.995280199304
1156 0.995282686464
1157 0.995286831731
1158 0.995289318891
1159 0.995295122265
1160 0.995301754691
1161 0.995302583745
1162 0.995305070905
1163 0.995307558065
1164 0.995310045225
1165 0.995310874278
1166 0.995313361438
1167 0.995315019545
1168 0.995318335758
1169 0.995321651972
1170 0.995324139132
1171 0.995328284398
1172 0.995330771558
1173 0.995334087772
1174 0.995334916825
1175 0.995338233039
1176 0.995341549252
1177 0.995344036412
1178 0.995347352625
1179 0.995351497892
1180 0.995354814106
1181 0.995359788426
1182 0.995362275586
1183 0.995364762746
1184 0.995371395172
1185 0.995372224226
1186 0.995376369492
1187 0.995377198546
1188 0.995379685706
1189 0.995381343813
1190 0.995385489079
1191 0.995387976239
1192 0.995389634346
1193 0.995392950559
1194 0.995396266773
1195 0.995398753933
1196 0.995401241093
1197 0.9954028992
1198 0.995406215413
1199 0.99540787352
1200 0.995411189733
1201 0.995413676893
1202 0.995416993106
1203 0.995421967426
1204 0.995424454587
1205 0.995426112693
1206 0.99543274512
1207 0.995434403227
1208 0.995436890387
1209 0.995439377547
1210 0.99544269376
1211 0.995444351867
1212 0.995446009974
1213 0.995448497134
1214 0.995449326187
1215 0.995450984294
1216 0.9954526424
1218 0.99545512956
1219 0.995458445774
1220 0.995461761987
1221 0.99546259104
1222 0.995463420094
1223 0.995465907254
1224 0.99546756536
1225 0.995469223467
1226 0.995471710627
1227 0.995475026841
1228 0.995475855894
1229 0.995478343054
1230 0.995482488321
1231 0.995484975481
1232 0.995489120747
1233 0.995490778854
1234 0.995491607908
1235 0.995494924121
1236 0.995499069388
1238 0.995499898441
1239 0.995503214654
1240 0.995506530868
1242 0.995508188974
1243 0.995509847081
1244 0.995513163294
1245 0.995516479508
1246 0.995518137615
1247 0.995519795721
1248 0.995520624775
1249 0.995524770041
1250 0.995525599095
1251 0.995528915308
1252 0.995530573415
1253 0.995533060575
1254 0.995538034895
1255 0.995539693002
1256 0.995542180162
1257 0.995544667322
1258 0.995548812588
1259 0.995552128802
1260 0.995553786908
1261 0.995555445015
1262 0.995556274068
1263 0.995557103122
1264 0.995558761228
1265 0.995560419335
1266 0.995563735549
1268 0.995567880815
1269 0.995572026082
1270 0.995575342295
1271 0.995577000402
1272 0.995579487562
1273 0.995583632829
1274 0.995586949042
1275 0.995591923362
1276 0.995596897682
1277 0.995600213896
1278 0.995602701056
1279 0.995606017269
1280 0.995607675376
1281 0.995610991589
1282 0.995618453069
1283 0.995620940229
1284 0.995624256443
1285 0.995627572656
1286 0.995630059816
1287 0.995631717923
1288 0.995634205083
1289 0.99563835035
1290 0.99564083751
1291 0.995642495616
1292 0.99564332467
1293 0.99564581183
1294 0.99564829899
1295 0.99565078615
1296 0.995652444257
1297 0.995654102363
1298 0.99565824763
1299 0.99566073479
1300 0.99566322195
1301 0.99566570911
1302 0.99566819627
1303 0.99567068343
1304 0.99567317059
1305 0.995676486804
1306 0.995678973964
1307 0.995682290177
1308 0.995683948284
1309 0.995684777337
1310 0.99568809355
1311 0.995693896924
1312 0.995696384084
1313 0.995701358404
1314 0.995705503671
1315 0.995708819884
1316 0.995709648937
1317 0.995713794204
1318 0.995715452311
1319 0.995717939471
1320 0.995722084738
1321 0.995727059058
1322 0.995730375271
1323 0.995734520538
1324 0.995737007698
1325 0.995737836751
1326 0.995739494858
1327 0.995741152964
1328 0.995743640125
1329 0.995746956338
1330 0.995748614445
1331 0.995749443498
1332 0.995753588765
1333 0.995755246871
1334 0.995756904978
1335 0.995758563085
1336 0.995761879298
1337 0.995763537405
1338 0.995766853618
1339 0.995770169832
1340 0.995772656992
1341 0.995774315098
1343 0.995775144152
1345 0.995779289418
1346 0.995781776578
1347 0.995782605632
1348 0.995785921845
1349 0.995788409005
1350 0.995790067112
1351 0.995795041432
1352 0.995799186699
1353 0.995803331965
1354 0.995804990072
1355 0.995807477232
1356 0.995809964392
1357 0.995810793446
1358 0.995814938712
1359 0.995816596819
1360 0.995819083979
1361 0.995820742086
1363 0.995821571139
1364 0.995826545459
1366 0.995827374512
1368 0.995829861672
1369 0.995831519779
1370 0.995832348832
1371 0.995834006939
1372 0.995838152206
1374 0.995843126526
1375 0.995844784633
1376 0.995847271793
1378 0.995848929899
1380 0.995851417059
1381 0.995854733273
1382 0.99585639138
1383 0.995858049486
1384 0.995860536646
1385 0.99586385286
1386 0.995865510966
1387 0.995869656233
1388 0.9958738015
1389 0.99587628866
1390 0.995877946766
1391 0.995880433927
1392 0.995882092033
1393 0.995884579193
1394 0.99588872446
1395 0.995889553513
1396 0.99589121162
1397 0.995892040673
1398 0.995894527833
1399 0.995897844047
1400 0.995901989314
1401 0.995904476474
1402 0.995906963634
1403 0.995907792687
1404 0.99590862174
1405 0.995909450794
1408 0.9959111089
1409 0.995914425114
1410 0.995916912274
1411 0.99591857038
1412 0.995919399434
1413 0.995922715647
1414 0.995925202807
1415 0.995926860914
1416 0.995929348074
1417 0.995931006181
1418 0.995932664287
1419 0.995934322394
1420 0.995935980501
1421 0.995938467661
1422 0.995943441981
1423 0.995947587248
1424 0.995948416301
1425 0.995950074408
1426 0.995953390621
1427 0.995955048728
1428 0.995955877781
1429 0.995959193994
1431 0.995963339261
1432 0.995969142634
1433 0.995970800741
1434 0.995972458848
1435 0.995974116955
1437 0.995976604115
1438 0.995977433168
1439 0.995979091275
1440 0.995982407488
1441 0.995984065595
1442 0.995986552755
1443 0.995990698021
1444 0.995992356128
1445 0.995996501395
1446 0.995998988555
1447 0.996000646662
1449 0.996002304768
1450 0.996006450035
1451 0.996008108142
1452 0.996009766248
1453 0.996010595302
1454 0.996013082462
1456 0.996014740568
1457 0.996015569622
1458 0.996018056782
1459 0.996019714889
1460 0.996022202049
1461 0.996023031102
1462 0.996027176369
1463 0.996028005422
1464 0.996029663529
1465 0.996030492582
1466 0.996032150689
1467 0.996033808795
1468 0.996034637849
1469 0.996037954062
1470 0.996038783115
1471 0.996040441222
1472 0.996041270276
1473 0.996045415542
1474 0.996047073649
1475 0.996048731756
1476 0.996051218916
1477 0.996053706076
1479 0.996057022289
1480 0.996060338502
1481 0.996061996609
1482 0.996064483769
1483 0.996066141876
1484 0.996069458089
1485 0.996071116196
1487 0.996074432409
1488 0.996075261463
1489 0.996077748623
1490 0.996081064836
1491 0.996083551996
1492 0.996087697263
1493 0.99608935537
1494 0.99609184253
1495 0.996095158743
1496 0.996095987796
1497 0.99609681685
1498 0.996098474956
1499 0.996100962116
1500 0.996102620223
1502 0.996103449276
1503 0.99610427833
1504 0.996105936436
1505 0.99610676549
1506 0.99610925265
1508 0.99611173981
1509 0.996113397917
1510 0.99611671413
1511 0.99611920129
1512 0.996122517503
1514 0.996123346557
1515 0.99612417561
1516 0.99612666277
1517 0.99612914993
1518 0.996130808037
1519 0.99613412425
1520 0.996138269517
1521 0.99614158573
1522 0.996143243837
1523 0.996144901944
1524 0.99614656005
1526 0.996147389104
1527 0.99614904721
1529 0.996153192477
1530 0.996154850584
1531 0.996156508691
1532 0.996157337744
1534 0.996158995851
1535 0.996159824904
1536 0.996163141117
1537 0.996164799224
1538 0.996165628277
1540 0.996167286384
1541 0.996168944491
1542 0.996170602597
1543 0.996172260704
1544 0.996173089757
1545 0.996176405971
1546 0.996178064078
1547 0.996178893131
1548 0.996180551238
1549 0.996181380291
1550 0.996184696504
1551 0.996185525558
1552 0.996186354611
1554 0.996188841771
1555 0.996192157984
1556 0.996194645144
1557 0.996198790411
1558 0.996200448518
1559 0.996201277571
1560 0.996202935678
1561 0.996204593785
1562 0.996207080945
1563 0.996208739051
1565 0.996210397158
1566 0.996212884318
1567 0.996216200531
1568 0.996217858638
1569 0.996220345798
1570 0.996222832958
1571 0.996226149172
1573 0.996226978225
1575 0.996228636332
1576 0.996229465385
1578 0.996231123492
1579 0.996231952545
1580 0.996234439705
1581 0.996236097812
1582 0.996237755918
1583 0.996238584972
1584 0.996239414025
1585 0.996240243078
1586 0.996243559292
1587 0.996244388345
1588 0.996245217399
1591 0.996246046452
1592 0.996246875505
1593 0.996248533612
1594 0.996251020772
1595 0.996254336985
1596 0.996255166039
1597 0.996256824145
1598 0.996260969412
1599 0.996263456572
1600 0.996265114679
1602 0.996265943732
1603 0.996269259946
1604 0.996270918052
1605 0.996274234266
1606 0.996275063319
1607 0.996278379532
1608 0.996284182906
1609 0.996285841012
1610 0.996289157226
1611 0.996291644386
1612 0.996294131546
1613 0.996296618706
1615 0.996298276813
1616 0.996300763973
1617 0.996301593026
1618 0.996302422079
1619 0.996303251133
1620 0.996304909239
1621 0.996305738293
1622 0.996309883559
1624 0.996311541666
1625 0.99631485788
1626 0.996315686933
1627 0.996318174093
1628 0.9963198322
1629 0.996321490306
1630 0.996323148413
1631 0.99632480652
1632 0.99632729368
1633 0.996328122733
1634 0.996332268
1636 0.996333097053
1637 0.99633475516
1638 0.996336413267
1639 0.996340558533
1640 0.996343874747
1641 0.9963447038
1642 0.99634719096
1643 0.996348020013
1644 0.99634967812
1646 0.996352994333
1647 0.996355481493
1648 0.9963571396
1650 0.99635962676
1651 0.996360455814
1652 0.996361284867
1653 0.996363772027
1654 0.996366259187
1656 0.99636708824
1657 0.996368746347
1658 0.99637206256
1659 0.996373720667
1660 0.996375378774
1662 0.996376207827
1663 0.99637703688
1664 0.996377865934
1665 0.996378694987
1666 0.99637952404
1667 0.996382840254
1668 0.996387814574
1669 0.996389472681
1670 0.996391130787
1671 0.996393617947
1672 0.996394447001
1673 0.996395276054
1676 0.996396934161
1677 0.996399421321
1679 0.996404395641
1680 0.996406882801
1681 0.996407711854
1682 0.996408540908
1683 0.996410199014
1684 0.996411028068
1685 0.996412686174
1686 0.996414344281
1687 0.996417660494
1688 0.996418489548
1689 0.996419318601
1690 0.996421805761
1691 0.996423463868
1692 0.996425121974
1693 0.996425951028
1694 0.996426780081
1695 0.996429267241
1696 0.996432583455
1697 0.996434241561
1699 0.996435070615
1700 0.996435899668
1702 0.996436728721
1703 0.996439215881
1704 0.996440873988
1706 0.996442532095
1707 0.996444190201
1708 0.996445019255
1709 0.996445848308
1710 0.996446677361
1711 0.996449164521
1713 0.996449993575
1714 0.996450822628
1716 0.996454138842
1717 0.996455796948
1718 0.996459942215
1719 0.996462429375
1720 0.996463258428
1721 0.996466574642
1722 0.996469061802
1723 0.996469890855
1724 0.996470719908
1725 0.996471548962
1726 0.996474036122
1727 0.996474865175
1728 0.996477352335
1729 0.996479010442
1730 0.996483155709
1731 0.996484813815
1732 0.996487300975
1733 0.996488959082
1734 0.996489788135
1735 0.996491446242
1736 0.996492275295
1737 0.996493933402
1739 0.996495591509
1741 0.996498078669
1742 0.996500565829
1743 0.996501394882
1744 0.996506369202
1745 0.996508027309
1746 0.996508856362
1747 0.996510514469
1748 0.996513830682
1749 0.996514659736
1750 0.996517146896
1752 0.996518805003
1753 0.996521292163
1754 0.996522121216
1755 0.996522950269
1756 0.996524608376
1759 0.996525437429
1760 0.996527095536
1762 0.996528753643
1763 0.996529582696
1764 0.996532898909
1765 0.996533727963
1766 0.996536215123
1767 0.996538702283
1768 0.996540360389
1769 0.996541189443
1770 0.996543676603
1772 0.99654533471
1773 0.996546992816
1775 0.99654782187
1776 0.996549479976
1777 0.99655030903
1779 0.996551138083
1780 0.996553625243
1781 0.99655528335
1782 0.996556112403
1783 0.996558599563
1784 0.99656025767
1785 0.996561915776
1786 0.996564402937
1787 0.99656523199
1788 0.996568548203
1789 0.996571035363
1790 0.99657269347
1791 0.99657518063
1792 0.996578496843
1793 0.99658264211
1794 0.996584300217
1795 0.99658512927
1796 0.99658761643
1797 0.996588445484
1799 0.996590932644
1800 0.996594248857
1801 0.99659756507
1802 0.996598394124
1803 0.996599223177
1804 0.996601710337
1805 0.99660253939
1806 0.996606684657
1809 0.996609171817
1810 0.996610000871
1811 0.996611658977
1814 0.996612488031
1815 0.996615804244
1817 0.996616633297
1819 0.996618291404
1822 0.996619120457
1824 0.996620778564
1825 0.996621607617
1826 0.996623265724
1827 0.996625752884
1828 0.996626581937
1829 0.996628240044
1830 0.996629898151
1832 0.996632385311
1833 0.996633214364
1835 0.996634043418
1836 0.996634872471
1838 0.996637359631
1843 0.996639017738
1845 0.996639846791
1847 0.996641504898
1848 0.996643163004
1849 0.996643992058
1851 0.996644821111
1852 0.996648137324
1853 0.996651453538
1854 0.996653111644
1855 0.996655598805
1856 0.996656427858
1857 0.996658085965
1858 0.996659744071
1859 0.996660573125
1860 0.996662231231
1861 0.996664718391
1862 0.996668034605
1864 0.996669692711
1865 0.996672179871
1867 0.996673008925
1868 0.996673837978
1870 0.996674667031
1872 0.996678812298
1873 0.996679641352
1874 0.996681299458
1875 0.996683786618
1876 0.996686273778
1877 0.996687102832
1878 0.996688760938
1879 0.996689589992
1880 0.996690419045
1881 0.996691248098
1882 0.996693735258
1883 0.996694564312
1884 0.996696222418
1885 0.996697051472
1886 0.996700367685
1887 0.996702025792
1890 0.996704512952
1891 0.996705342005
1892 0.996707000112
1893 0.996708658219
1894 0.996710316325
1895 0.996711145379
1896 0.996712803485
1897 0.996713632539
1898 0.996716119699
1899 0.996716948752
1901 0.996719435912
1904 0.996721094019
1906 0.996721923072
1907 0.996722752125
1909 0.996723581179
1911 0.996726897392
1913 0.996727726446
1914 0.996731871712
1915 0.996734358872
1916 0.996736016979
1917 0.996737675086
1918 0.996739333192
1919 0.996740991299
1920 0.996741820352
1922 0.996742649406
1923 0.996744307512
1924 0.996745965619
1925 0.996747623726
1926 0.996749281833
1927 0.996751768993
1928 0.996752598046
1929 0.996753427099
1930 0.996755085206
1931 0.996758401419
1932 0.996759230473
1934 0.996761717633
1935 0.996763375739
1936 0.996765033846
1937 0.996766691953
1939 0.996767521006
1940 0.996769179113
1941 0.996772495326
1942 0.99677332438
1943 0.996774982486
1944 0.99677581154
1947 0.996776640593
1948 0.996777469646
1949 0.9967782987
1951 0.996782443966
1952 0.996784102073
1953 0.996784931126
1954 0.99678576018
1955 0.996786589233
1956 0.99678824734
1957 0.996789905446
1958 0.996791563553
1959 0.996794050713
1961 0.99679570882
1962 0.996797366927
1963 0.996802341247
1964 0.996804828407
1966 0.99680565746
1967 0.996807315567
1968 0.996808973673
1969 0.99681063178
1970 0.996812289887
1971 0.9968156061
1972 0.996816435154
1973 0.996817264207
1975 0.99681809326
1979 0.996819751367
1980 0.996821409474
1981 0.996822238527
1982 0.996823896634
1983 0.99682555474
1986 0.996827212847
1987 0.9968280419
1988 0.996828870954
1989 0.996829700007
1990 0.996831358114
1992 0.996832187167
1993 0.99683301622
1994 0.996834674327
1995 0.996836332434
1996 0.996837161487
1997 0.996837990541
1998 0.996839648647
1999 0.996840477701
2000 0.996841306754
2003 0.996842964861
2004 0.996843793914
2005 0.996846281074
2006 0.996847110127
2007 0.996848768234
2008 0.996852084447
2009 0.996852913501
2011 0.996854571607
2012 0.996855400661
2014 0.996857058767
2015 0.996858716874
2017 0.996861204034
2018 0.996862033088
2020 0.996863691194
2021 0.996864520248
2022 0.996865349301
2023 0.996866178354
2024 0.996868665514
2025 0.996869494568
2026 0.996870323621
2027 0.996871152674
2028 0.996873639834
2029 0.996876126994
2030 0.996876956048
2031 0.996878614154
2032 0.996880272261
2034 0.996881101314
2035 0.996881930368
2036 0.996882759421
2038 0.996885246581
2039 0.996886075635
2042 0.996886904688
2044 0.996890220901
2045 0.996892708061
2046 0.996894366168
2047 0.996896024275
2048 0.996897682381
2049 0.996898511435
2052 0.996901827648
2053 0.996902656701
2054 0.996905143861
2055 0.996905972915
2056 0.996910118182
2057 0.996915092502
2058 0.996916750608
2059 0.996918408715
2060 0.996920066822
2061 0.996921724928
2062 0.996922553982
2063 0.996924212088
2064 0.996927528302
2065 0.996928357355
2066 0.996929186408
2069 0.996932502622
2070 0.996934989782
2071 0.996936647889
2073 0.996937476942
2074 0.996939135049
2075 0.996939964102
2076 0.996941622209
2078 0.996945767475
2079 0.996946596529
2081 0.996947425582
2082 0.996949083689
2083 0.996949912742
2084 0.996951570849
2087 0.996952399902
2088 0.996953228956
2091 0.996954887062
2092 0.996955716116
2093 0.996956545169
2094 0.996959032329
2095 0.996959861382
2096 0.996964006649
2097 0.996964835702
2098 0.996965664756
2099 0.996967322862
2102 0.996968151916
2103 0.996968980969
2106 0.996969810022
2108 0.996970639076
2109 0.996972297182
2111 0.996973126236
2112 0.996974784342
2113 0.996975613396
2114 0.996976442449
2115 0.996979758663
2116 0.996982245823
2118 0.996984732983
2119 0.996985562036
2120 0.996986391089
2121 0.996987220143
2122 0.996988049196
2123 0.996988878249
2124 0.996991365409
2126 0.996993852569
2130 0.996994681623
2131 0.996996339729
2132 0.996997168783
2133 0.997000484996
2134 0.99700131405
2135 0.997002143103
2136 0.997002972156
2137 0.99700380121
2138 0.997004630263
2139 0.997005459316
2140 0.997007117423
2141 0.997007946476
2142 0.997012091743
2143 0.997012920796
2146 0.99701374985
2148 0.997015407956
2149 0.99701623701
2150 0.997017066063
2151 0.99701872417
2153 0.997020382276
2154 0.99702121133
2155 0.997022040383
2157 0.997022869437
2158 0.997024527543
2159 0.99702618565
2161 0.997027843757
2163 0.99702867281
2164 0.997030330917
2165 0.997031989023
2166 0.997032818077
2168 0.99703364713
2169 0.997034476183
2170 0.997036963343
2171 0.997039450503
2172 0.997041937663
2173 0.997042766717
2175 0.997044424824
2177 0.997045253877
2180 0.99704608293
2181 0.997046911984
2182 0.997047741037
2187 0.99704857009
2188 0.99705105725
2189 0.99705354441
2190 0.997054373464
2191 0.997055202517
2193 0.997056860624
2195 0.99706100589
2196 0.997061834944
2197 0.997062663997
2199 0.99706349305
2200 0.997065151157
2201 0.997066809264
2202 0.997070954531
2206 0.997071783584
2207 0.997073441691
2211 0.997075928851
2212 0.997076757904
2213 0.997078416011
2215 0.997079245064
2216 0.997080903171
2217 0.997082561277
2218 0.997084219384
2220 0.997085048437
2221 0.997086706544
2223 0.997088364651
2224 0.997089193704
2226 0.997090022758
2227 0.997091680864
2230 0.997093338971
2232 0.997094997078
2233 0.997095826131
2237 0.997096655184
2238 0.997098313291
2239 0.997099142344
2240 0.997102458558
2241 0.997103287611
2242 0.997104945718
2243 0.997109090984
2245 0.997110749091
2246 0.997112407198
2247 0.997113236251
2248 0.997114894358
2250 0.997119039625
2251 0.997119868678
2252 0.997120697731
2253 0.997121526785
2256 0.997123184891
2257 0.997124842998
2258 0.997127330158
2259 0.997128159211
2260 0.997128988265
2261 0.997129817318
2262 0.997130646371
2263 0.997131475425
2264 0.997133133531
2266 0.997133962585
2268 0.997135620692
2269 0.997138107852
2272 0.997138936905
2273 0.997139765958
2278 0.997141424065
2279 0.997143082172
2280 0.997144740278
2281 0.997145569332
2282 0.997146398385
2283 0.997147227438
2284 0.997148885545
2285 0.997149714598
2288 0.997150543652
2289 0.997153030812
2290 0.997154688918
2292 0.997155517972
2293 0.997156347025
2294 0.997158834185
2296 0.997159663239
2297 0.997161321345
2298 0.997162150399
2300 0.997162979452
2301 0.997167124719
2302 0.997167953772
2303 0.997169611879
2304 0.997171269985
2306 0.997173757145
2311 0.997174586199
2312 0.997175415252
2313 0.997176244305
2315 0.997177902412
2317 0.997178731465
2318 0.997179560519
2319 0.997180389572
2320 0.997182047679
2321 0.997187021999
2322 0.997187851052
2323 0.997190338212
2324 0.997191996319
2325 0.997194483479
2326 0.997195312532
2328 0.997196141586
2330 0.997197799692
2331 0.997199457799
2332 0.997200286852
2333 0.997201115906
2334 0.997201944959
2336 0.997202774012
2337 0.997204432119
2341 0.997205261173
2348 0.997206919279
2349 0.997209406439
2354 0.997210235493
2356 0.997211893599
2357 0.997213551706
2358 0.997214380759
2359 0.997215209813
2360 0.997216867919
2361 0.997218526026
2362 0.997219355079
2364 0.997220184133
2365 0.997221013186
2366 0.997221842239
2367 0.997222671293
2368 0.997223500346
2369 0.997224329399
2371 0.99722681656
2372 0.997227645613
2374 0.997228474666
2375 0.99722930372
2376 0.997230132773
2377 0.99723179088
2378 0.997232619933
2379 0.99723427804
2380 0.997235936146
2381 0.997237594253
2382 0.997238423306
2383 0.997240081413
2384 0.99724173952
2385 0.997245055733
2387 0.99724671384
2388 0.997248371946
2389 0.997250030053
2390 0.99725168816
2392 0.997252517213
2393 0.99725417532
2394 0.997255004373
2396 0.99725666248
2397 0.997257491533
2398 0.997258320587
2399 0.997259978693
2403 0.997260807747
2404 0.9972616368
2405 0.997262465853
2409 0.997263294907
2413 0.997264953013
2414 0.997267440173
2415 0.997268269227
2416 0.99726909828
2418 0.997269927333
2420 0.997270756387
2421 0.99727158544
2423 0.997272414494
2424 0.997273243547
2425 0.9972740726
2426 0.997274901654
2427 0.997275730707
2431 0.99727655976
2432 0.997278217867
2434 0.997279875974
2435 0.997280705027
2436 0.99728153408
2439 0.99728402124
2440 0.997284850294
2441 0.997285679347
2442 0.9972865084
2443 0.997287337454
2445 0.997288166507
2446 0.997290653667
2447 0.99729148272
2448 0.997293140827
2450 0.997295627987
2451 0.997296457041
2453 0.997297286094
2454 0.997298944201
2455 0.997299773254
2456 0.997300602307
2458 0.997302260414
2460 0.997303089467
2462 0.997303918521
2463 0.997304747574
2464 0.997305576627
2465 0.997306405681
2466 0.997307234734
2467 0.997308063787
2468 0.997308892841
2469 0.997309721894
2470 0.997313038107
2472 0.997314696214
2473 0.997315525267
2474 0.997316354321
2475 0.997318012428
2476 0.997318841481
2477 0.997320499588
2478 0.997321328641
2479 0.997322157694
2484 0.997322986748
2486 0.997325473908
2488 0.997327132014
2489 0.997327961068
2490 0.997328790121
2492 0.997329619174
2494 0.997330448228
2495 0.997331277281
2496 0.997332935388
2502 0.997333764441
2503 0.997336251601
2504 0.997337080654
2505 0.997337909708
2507 0.997338738761
2509 0.997339567814
2510 0.997340396868
2512 0.997341225921
2514 0.997342054975
2515 0.997343713081
2517 0.997344542135
2518 0.997346200241
2521 0.997348687401
2522 0.997349516455
2525 0.997352003615
2527 0.997354490775
2528 0.997355319828
2530 0.997358636041
2531 0.997360294148
2532 0.997361123201
2533 0.997362781308
2535 0.997363610362
2540 0.997364439415
2542 0.997366097522
2543 0.997366926575
2545 0.997367755628
2546 0.997370242788
2548 0.997371071842
2551 0.997371900895
2552 0.997372729948
2553 0.997373559002
2554 0.997374388055
2555 0.997375217108
2556 0.997376046162
2557 0.997377704268
2558 0.997378533322
2559 0.997379362375
2562 0.997380191428
2563 0.997381020482
2564 0.997382678588
2566 0.997383507642
2570 0.997384336695
2571 0.997385994802
2574 0.997387652909
2575 0.997388481962
2576 0.997389311015
2579 0.997390140069
2580 0.997391798175
2581 0.997392627229
2586 0.997394285335
2587 0.997395114389
2589 0.997396772495
2591 0.997397601549
2593 0.997398430602
2597 0.997400088709
2598 0.997400917762
2599 0.997403404922
2603 0.997404233975
2604 0.997405063029
2606 0.997405892082
2608 0.997406721135
2611 0.997408379242
2615 0.997409208296
2619 0.997410037349
2622 0.997410866402
2624 0.997411695456
2625 0.997412524509
2627 0.997415011669
2629 0.997415840722
2631 0.997417498829
2634 0.997419156936
2635 0.997420815042
2636 0.997421644096
2637 0.997422473149
2642 0.997423302202
2643 0.997424131256
2645 0.997424960309
2646 0.997425789362
2647 0.997427447469
2649 0.997428276522
2650 0.997429105576
2651 0.997429934629
2652 0.997433250843
2653 0.997434079896
2655 0.997434908949
2657 0.997435738003
2660 0.997438225163
2661 0.997439054216
2663 0.997439883269
2664 0.997440712323
2666 0.997442370429
2667 0.997444028536
2670 0.997445686643
2671 0.997447344749
2672 0.997449002856
2673 0.997450660963
2675 0.997451490016
2676 0.997452319069
2677 0.997453148123
2678 0.997456464336
2679 0.99745729339
2680 0.997458122443
2681 0.997458951496
2682 0.99745978055
2683 0.997460609603
2684 0.997463096763
2685 0.99746475487
2689 0.997466412976
2691 0.997468071083
2692 0.997468900136
2693 0.99746972919
2694 0.997470558243
2698 0.997471387296
2699 0.99747221635
2700 0.997473045403
2702 0.997473874456
2707 0.99747470351
2708 0.997475532563
2709 0.99747719067
2710 0.997478848777
2711 0.99747967783
2718 0.997481335937
2721 0.99748216499
2722 0.997483823097
2724 0.99748465215
2725 0.997485481203
2726 0.997486310257
2727 0.99748713931
2728 0.997488797417
2729 0.997491284577
2730 0.99749211363
2731 0.99749460079
2732 0.997495429843
2737 0.99749708795
2739 0.997498746057
2741 0.99749957511
2743 0.99750206227
2745 0.997502891324
2746 0.997503720377
2747 0.997505378484
2748 0.997506207537
2750 0.99750703659
2751 0.997507865644
2753 0.997508694697
2756 0.997510352804
2757 0.99751201091
2758 0.997515327124
2759 0.997516156177
2760 0.99751698523
2761 0.997517814284
2763 0.997518643337
2765 0.997520301444
2766 0.997521130497
2769 0.99752195955
2770 0.997522788604
2772 0.997525275764
2773 0.997526104817
2775 0.997527762924
2777 0.997528591977
2779 0.997530250084
2780 0.997531079137
2781 0.997533566297
2783 0.997535224404
2784 0.997536882511
2786 0.997538540617
2787 0.997542685884
2790 0.997544343991
2791 0.997545173044
2792 0.997546002098
2794 0.997548489258
2796 0.997550147364
2797 0.997550976418
2800 0.997551805471
2804 0.997552634524
2808 0.997553463578
2809 0.997554292631
2810 0.997556779791
2811 0.997557608844
2812 0.997558437898
2813 0.997560096004
2817 0.997560925058
2818 0.997563412218
2819 0.997564241271
2820 0.997567557484
2822 0.997568386538
2823 0.997570873698
2826 0.997571702751
2829 0.997572531805
2830 0.997573360858
2832 0.997574189911
2834 0.997575018965
2835 0.997575848018
2836 0.997576677071
2838 0.997577506125
2840 0.997578335178
2841 0.997579164231
2842 0.997579993285
2845 0.997580822338
2846 0.997581651391
2848 0.997583309498
2850 0.997586625711
2851 0.997587454765
2852 0.997589112871
2853 0.997591600032
2854 0.997594087192
2855 0.997595745298
2856 0.997596574352
2859 0.997597403405
2860 0.997599890565
2862 0.997600719618
2865 0.997602377725
2876 0.997603206778
2877 0.997606522992
2878 0.997607352045
2881 0.997608181098
2882 0.997609010152
2883 0.997609839205
2885 0.997610668258
2886 0.997611497312
2888 0.997612326365
2889 0.997613155418
2891 0.997613984472
2892 0.997614813525
2893 0.997617300685
2894 0.997618129739
2895 0.997619787845
2897 0.997621445952
2898 0.997622275005
2899 0.997623933112
2902 0.997624762165
2903 0.997625591219
2904 0.997627249325
2906 0.997628078379
2909 0.997629736485
2910 0.997630565539
2911 0.997631394592
2915 0.997632223645
2916 0.997634710805
2918 0.997635539859
2919 0.997637197966
2920 0.997638856072
2921 0.997639685126
2922 0.997642172286
2928 0.997643830392
2931 0.997645488499
2932 0.997647975659
2933 0.997648804712
2934 0.997650462819
2940 0.997653779032
2942 0.997654608086
2945 0.997656266192
2950 0.997657924299
2951 0.997658753352
2953 0.997660411459
2956 0.997661240513
2961 0.997662069566
2962 0.997663727673
2965 0.997666214833
2968 0.997668701993
2969 0.997669531046
2970 0.997670360099
2973 0.997671189153
2974 0.997672018206
2975 0.997673676313
2978 0.997674505366
2979 0.997675334419
2981 0.997676163473
2984 0.997676992526
2987 0.997678650633
2988 0.997679479686
2989 0.997681137793
2992 0.997681966846
2993 0.997683624953
2994 0.997684454006
2998 0.997686112113
3002 0.997686941166
3003 0.997688599273
3005 0.997689428326
3006 0.99769025738
3008 0.997691086433
3009 0.997691915486
3010 0.997693573593
3011 0.997694402646
3012 0.9976952317
3013 0.99769771886
3016 0.997698547913
3017 0.997701035073
3018 0.997701864126
3020 0.99770269318
3021 0.997704351286
3024 0.997706009393
3026 0.997706838447
3028 0.997709325607
3029 0.997711812767
3030 0.99771264182
3031 0.99771512898
3036 0.997715958033
3037 0.997716787087
3040 0.99771761614
3042 0.997719274247
3046 0.9977201033
3047 0.997720932353
3051 0.997721761407
3053 0.99772259046
3055 0.997724248567
3056 0.99772507762
3059 0.997726735727
3061 0.997728393834
3062 0.99773005194
3065 0.997731710047
3068 0.9977325391
3069 0.997735855314
3070 0.997736684367
3071 0.997738342474
3074 0.997739171527
3075 0.997740829634
3076 0.99774248774
3079 0.997744145847
3080 0.997745803954
3082 0.997746633007
3083 0.997749120167
3088 0.99774994922
3089 0.997750778274
3091 0.997751607327
3092 0.997752436381
3094 0.997753265434
3097 0.997754094487
3098 0.997755752594
3099 0.997756581647
3101 0.997757410701
3103 0.997759068807
3104 0.997760726914
3107 0.997761555967
3108 0.997762385021
3109 0.997763214074
3110 0.997764043127
3111 0.997764872181
3112 0.997765701234
3113 0.997767359341
3115 0.997768188394
3117 0.997769846501
3118 0.997770675554
3120 0.997771504607
3124 0.997773162714
3129 0.997773991768
3130 0.997775649874
3134 0.997776478928
3137 0.997777307981
3138 0.997780624194
3140 0.997781453248
3143 0.997783940408
3150 0.997784769461
3153 0.997785598514
3155 0.997787256621
3159 0.997788085674
3160 0.997788914728
3161 0.997790572834
3163 0.997792230941
3164 0.997793889048
3165 0.997794718101
3166 0.997796376208
3167 0.997797205261
3168 0.997798034315
3170 0.997798863368
3171 0.997799692421
3172 0.997801350528
3175 0.997802179581
3176 0.997803008635
3178 0.997803837688
3180 0.997804666741
3182 0.997805495795
3185 0.997806324848
3191 0.997807153901
3192 0.997807982955
3193 0.997809641061
3195 0.997810470115
3196 0.997812957275
3198 0.997814615381
3200 0.997816273488
3203 0.997817102541
3205 0.997819589701
3206 0.997822076862
3208 0.997822905915
3213 0.997823734968
3214 0.997825393075
3216 0.997827051182
3218 0.997827880235
3219 0.997828709288
3220 0.997830367395
3221 0.997831196448
3222 0.997832025502
3225 0.997834512662
3232 0.997835341715
3234 0.997836170768
3237 0.997836999822
3239 0.997838657928
3241 0.997840316035
3243 0.997842803195
3244 0.997843632249
3245 0.997845290355
3246 0.997846119409
3247 0.997846948462
3249 0.997847777515
3251 0.997850264675
3252 0.997851093729
3256 0.997851922782
3261 0.997853580889
3262 0.997855238995
3265 0.997856068049
3269 0.997856897102
3274 0.997857726155
3279 0.997858555209
3280 0.997859384262
3283 0.997860213315
3284 0.997861042369
3288 0.997862700475
3289 0.997863529529
3290 0.997864358582
3296 0.997866845742
3297 0.997868503849
3298 0.997869332902
3299 0.997870161956
3300 0.997870991009
3301 0.997871820062
3304 0.997872649116
3305 0.997875136276
3310 0.997875965329
3316 0.997876794382
3317 0.997877623436
3318 0.997879281542
3321 0.997880110596
3323 0.997880939649
3325 0.997881768702
3326 0.997882597756
3328 0.997883426809
3329 0.997884255862
3334 0.997885084916
3335 0.997887572076
3337 0.997888401129
3339 0.997889230183
3340 0.997890059236
3341 0.997891717343
3344 0.997892546396
3347 0.997893375449
3350 0.997895033556
3351 0.997895862609
3356 0.997896691663
3357 0.997898349769
3360 0.997900007876
3363 0.997900836929
3367 0.997901665983
3375 0.997902495036
3377 0.997903324089
3380 0.997904153143
3381 0.997905811249
3382 0.997906640303
3385 0.997907469356
3387 0.997908298409
3388 0.997909127463
3389 0.997910785569
3391 0.997912443676
3396 0.997914930836
3397 0.997916588943
3399 0.997917417996
3403 0.99791824705
3406 0.997919076103
3408 0.997919905156
3409 0.997921563263
3410 0.997922392316
3413 0.99792322137
3416 0.997924050423
3420 0.997924879476
3424 0.99792570853
3429 0.997926537583
3430 0.997927366636
3431 0.99792819569
3433 0.997929024743
3434 0.997929853796
3436 0.997931511903
3437 0.99793317001
3438 0.997933999063
3439 0.997934828117
3440 0.99793565717
3441 0.997936486223
3443 0.997937315277
3445 0.99793814433
3447 0.997938973383
3448 0.997939802437
3450 0.99794063149
3453 0.997941460543
3454 0.997942289597
3462 0.997943947703
3463 0.997944776757
3466 0.99794560581
3468 0.997946434863
3469 0.997947263917
3471 0.99794809297
3473 0.997948922023
3475 0.997949751077
3476 0.99795058013
3477 0.997952238237
3479 0.99795306729
3483 0.997953896343
3484 0.997954725397
3488 0.99795555445
3489 0.997956383503
3490 0.997957212557
3491 0.99795804161
3493 0.997958870664
3495 0.997959699717
3498 0.99796052877
3499 0.997962186877
3502 0.99796301593
3503 0.99796550309
3504 0.997966332144
3505 0.997967161197
3510 0.997968819304
3512 0.997969648357
3516 0.99797047741
3517 0.997972135517
3518 0.99797296457
3519 0.997973793624
3520 0.997974622677
3526 0.99797793889
3527 0.997978767944
3529 0.997979596997
3530 0.997981255104
3531 0.997982913211
3533 0.997983742264
3535 0.997984571317
3537 0.997986229424
3540 0.997987887531
3542 0.997988716584
3549 0.997989545637
3553 0.997991203744
3556 0.997992861851
3562 0.997993690904
3563 0.997994519957
3565 0.997995349011
3567 0.997996178064
3569 0.997997007117
3571 0.997997836171
3573 0.997999494277
3576 0.998000323331
3580 0.998001152384
3581 0.998001981437
3586 0.998002810491
3590 0.998004468598
3591 0.998006126704
3594 0.998006955758
3595 0.998008613864
3597 0.998009442918
3598 0.998010271971
3601 0.998011930078
3604 0.998013588184
3610 0.998016075344
3619 0.998016904398
3620 0.998017733451
3622 0.998019391558
3623 0.998020220611
3624 0.998021049664
3625 0.998021878718
3628 0.998023536824
3632 0.998024365878
3634 0.998025194931
3640 0.998026023985
3641 0.998027682091
3642 0.998028511145
3644 0.998030169251
3645 0.998030998305
3646 0.998031827358
3649 0.998032656411
3652 0.998034314518
3653 0.998035143571
3654 0.998035972625
3660 0.998036801678
3661 0.998037630731
3662 0.998038459785
3663 0.998039288838
3667 0.998040117891
3668 0.998040946945
3670 0.998042605051
3671 0.998043434105
3674 0.998045092211
3680 0.998045921265
3687 0.998048408425
3689 0.998049237478
3691 0.998050895585
3692 0.998051724638
3693 0.998052553692
3694 0.998053382745
3696 0.998054211798
3698 0.998055869905
3701 0.998056698958
3703 0.998057528012
3709 0.998058357065
3710 0.998059186118
3711 0.998060015172
3713 0.998060844225
3714 0.998061673278
3715 0.998062502332
3718 0.998064160438
3720 0.998064989492
3732 0.998065818545
3734 0.998067476652
3736 0.998068305705
3738 0.998069134758
3739 0.998071621919
3741 0.998073280025
3742 0.998074938132
3745 0.998075767185
3746 0.998076596239
3747 0.998077425292
3748 0.998078254345
3751 0.998079083399
3752 0.998079912452
3754 0.998080741505
3755 0.998081570559
3760 0.998082399612
3763 0.998083228665
3765 0.998084886772
3766 0.998085715825
3767 0.998086544879
3772 0.998088202985
3774 0.998089032039
3777 0.998090690145
3778 0.998091519199
3782 0.998092348252
3783 0.998093177305
3789 0.998094006359
3798 0.998094835412
3799 0.998095664466
3802 0.998096493519
3809 0.998097322572
3810 0.998098980679
3812 0.998099809732
3813 0.998101467839
3814 0.998102296892
3818 0.998103125946
3819 0.998103954999
3826 0.998105613106
3829 0.998106442159
3830 0.998107271212
3831 0.998108100266
3832 0.998108929319
3833 0.998109758372
3835 0.998110587426
3836 0.998111416479
3837 0.998112245532
3838 0.998113074586
3839 0.998114732692
3843 0.998115561746
3844 0.998116390799
3845 0.998118877959
3847 0.998119707013
3848 0.998120536066
3849 0.998122194173
3852 0.998123023226
3853 0.998123852279
3856 0.998124681333
3857 0.998125510386
3864 0.998126339439
3866 0.998127168493
3867 0.998128826599
3868 0.998129655653
3869 0.998130484706
3870 0.998132142813
3872 0.998133800919
3873 0.998135459026
3878 0.998137117133
3880 0.998137946186
3881 0.998139604293
3891 0.998140433346
3894 0.9981412624
3895 0.998142091453
3897 0.99814374956
3898 0.998144578613
3901 0.998145407666
3902 0.99814623672
3903 0.998147065773
3905 0.998147894826
3908 0.99814872388
3912 0.998149552933
3913 0.998150381986
3914 0.99815121104
3918 0.998152040093
3921 0.998152869146
3922 0.9981536982
3924 0.998154527253
3928 0.998155356306
3930 0.99815618536
3932 0.998157014413
3933 0.998157843466
3936 0.998159501573
3940 0.998160330626
3944 0.99816115968
3945 0.998161988733
3946 0.998162817787
3949 0.99816364684
3950 0.998164475893
3951 0.998165304947
3953 0.998166134
3956 0.998166963053
3962 0.99816862116
3969 0.998169450213
3972 0.998170279267
3977 0.99817110832
3979 0.998171937373
3980 0.998172766427
3981 0.99817359548
3986 0.998174424533
3988 0.99817608264
3989 0.998176911693
3992 0.998177740747
3995 0.9981785698
3998 0.998179398853
4001 0.998180227907
4004 0.998181886013
4010 0.99818354412
4012 0.998184373173
4013 0.99818603128
4016 0.998186860334
4017 0.998187689387
4020 0.99818851844
4030 0.998190176547
4034 0.998191834654
4035 0.998192663707
4037 0.998194321814
4039 0.998195150867
4041 0.99819597992
4042 0.998196808974
4044 0.998197638027
4047 0.99819846708
4050 0.998199296134
4054 0.998200125187
4060 0.99820095424
4061 0.998202612347
4064 0.9982034414
4066 0.998204270454
4067 0.998205099507
4068 0.99820592856
4070 0.998206757614
4076 0.998207586667
4078 0.998208415721
4080 0.998210073827
4081 0.998210902881
4084 0.998211731934
4085 0.998212560987
4089 0.998213390041
4090 0.998214219094
4092 0.998215048147
4102 0.998215877201
4107 0.998216706254
4118 0.998217535307
4120 0.998218364361
4123 0.998219193414
4129 0.998220022467
4131 0.998221680574
4133 0.998223338681
4134 0.998224167734
4137 0.998224996787
4145 0.998225825841
4154 0.998226654894
4158 0.998227483947
4161 0.998228313001
4164 0.998229142054
4166 0.998229971107
4168 0.998230800161
4169 0.998232458268
4170 0.998233287321
4173 0.998234116374
4176 0.998234945428
4177 0.998236603534
4178 0.998239090694
4179 0.998239919748
4182 0.998240748801
4184 0.998241577854
4189 0.998243235961
4190 0.998244065014
4194 0.998245723121
4195 0.998246552174
4196 0.998247381228
4199 0.998248210281
4200 0.998249039334
4201 0.998249868388
4203 0.998250697441
4204 0.998251526494
4205 0.998252355548
4210 0.998253184601
4211 0.998254013655
4213 0.998255671761
4222 0.998256500815
4224 0.998257329868
4230 0.998258158921
4232 0.998259817028
4234 0.998261475135
4235 0.998262304188
4240 0.998263133241
4241 0.998263962295
4249 0.998264791348
4253 0.998265620401
4255 0.998266449455
4257 0.998267278508
4259 0.998268936615
4260 0.998269765668
4262 0.998270594721
4265 0.998272252828
4266 0.998273081881
4267 0.998273910935
4269 0.998274739988
4271 0.998275569041
4273 0.998277227148
4275 0.998278885255
4280 0.998281372415
4281 0.998282201468
4286 0.998283030522
4287 0.998283859575
4289 0.998284688628
4290 0.998285517682
4292 0.998287175788
4296 0.998288004842
4299 0.998288833895
4300 0.998289662948
4304 0.998291321055
4306 0.998292150108
4310 0.998292979162
4311 0.998295466322
4312 0.998296295375
4314 0.998297124428
4321 0.998297953482
4323 0.998299611589
4326 0.998300440642
4338 0.998301269695
4342 0.998302927802
4345 0.998303756855
4346 0.998304585909
4347 0.998305414962
4352 0.998306244015
4358 0.998307073069
4360 0.998307902122
4361 0.998308731175
4365 0.998309560229
4371 0.998310389282
4372 0.998311218335
4373 0.998312876442
4389 0.998313705495
4390 0.998314534549
4391 0.998316192655
4400 0.998317850762
4403 0.998318679815
4407 0.998320337922
4408 0.998321166975
4414 0.998321996029
4416 0.998322825082
4423 0.998324483189
4424 0.998325312242
4425 0.998326970349
4426 0.998328628456
4427 0.998329457509
4432 0.998331115616
4435 0.998331944669
4438 0.998333602776
4439 0.998334431829
4442 0.998335260882
4446 0.998336089936
4447 0.998336918989
4449 0.998337748042
4452 0.998338577096
4454 0.998339406149
4456 0.998341064256
4458 0.998341893309
4459 0.998342722362
4460 0.998343551416
4467 0.998344380469
4473 0.998345209523
4475 0.998346038576
4486 0.998346867629
4493 0.998347696683
4495 0.998348525736
4509 0.998349354789
4510 0.998350183843
4512 0.998351012896
4515 0.998351841949
4523 0.998352671003
4532 0.998353500056
4534 0.998354329109
4535 0.998355158163
4539 0.998355987216
4541 0.998356816269
4542 0.998359303429
4543 0.998360961536
4545 0.998362619643
4546 0.998363448696
4548 0.998364277749
4551 0.998365106803
4552 0.998365935856
4554 0.998366764909
4555 0.998367593963
4556 0.998368423016
4558 0.99836925207
4561 0.998370081123
4564 0.998370910176
4565 0.99837173923
4566 0.998372568283
4571 0.998373397336
4572 0.99837422639
4573 0.998375055443
4579 0.998375884496
4597 0.99837671355
4603 0.998377542603
4604 0.998378371656
4606 0.99837920071
4607 0.998380858816
4608 0.998382516923
4611 0.998383345976
4614 0.99838417503
4615 0.998385004083
4618 0.998385833136
4622 0.99838666219
4628 0.998387491243
4629 0.998388320296
4630 0.99838914935
4633 0.998390807457
4634 0.99839163651
4639 0.998392465563
4641 0.998393294617
4642 0.998394952723
4646 0.998395781777
4653 0.99839661083
4656 0.998397439883
4663 0.998398268937
4665 0.99839909799
4669 0.998399927043
4672 0.998400756097
4685 0.99840158515
4689 0.998402414203
4694 0.998403243257
4695 0.99840407231
4696 0.998405730417
4697 0.998407388523
4698 0.998408217577
4699 0.998409875683
4702 0.998410704737
4705 0.99841153379
4707 0.998412362843
4709 0.998413191897
4712 0.99841402095
4713 0.998414850004
4714 0.99841650811
4721 0.998417337164
4722 0.998418166217
4724 0.99841899527
4730 0.998419824324
4731 0.998420653377
4734 0.99842148243
4738 0.998422311484
4740 0.998423140537
4743 0.99842396959
4748 0.998424798644
4750 0.998425627697
4752 0.99842645675
4756 0.998427285804
4767 0.998428114857
4770 0.99842894391
4771 0.998429772964
4772 0.998430602017
4775 0.99843143107
4776 0.998432260124
4780 0.99843391823
4784 0.998434747284
4785 0.998435576337
4788 0.998436405391
4789 0.998437234444
4790 0.998438063497
4797 0.998439721604
4801 0.998440550657
4804 0.998441379711
4805 0.998442208764
4809 0.998443037817
4810 0.998443866871
4812 0.998444695924
4814 0.998445524977
4816 0.998446354031
4818 0.998447183084
4823 0.998448012137
4824 0.998449670244
4826 0.998450499297
4830 0.998451328351
4833 0.998452157404
4838 0.998453815511
4839 0.998454644564
4843 0.998455473617
4845 0.998456302671
4855 0.998457131724
4856 0.998457960777
4860 0.998458789831
4861 0.998459618884
4866 0.998460447938
4870 0.998461276991
4879 0.998462106044
4880 0.998462935098
4881 0.998464593204
4886 0.998465422258
4887 0.998467080364
4890 0.998468738471
4893 0.998469567524
4895 0.998470396578
4902 0.998471225631
4905 0.998472054684
4906 0.998472883738
4907 0.998473712791
4909 0.998474541844
4910 0.998475370898
4916 0.998476199951
4918 0.998477029004
4919 0.998477858058
4921 0.998478687111
4922 0.998479516164
4925 0.998480345218
4926 0.998481174271
4927 0.998482003325
4931 0.998482832378
4941 0.998483661431
4942 0.998484490485
4950 0.998485319538
4951 0.998486148591
4952 0.998486977645
4963 0.998487806698
4964 0.998488635751
4966 0.998489464805
4967 0.998490293858
4972 0.998491122911
4974 0.998491951965
4977 0.998492781018
4985 0.998493610071
4986 0.998494439125
4987 0.998495268178
4996 0.998496097231
4998 0.998496926285
5004 0.998497755338
5009 0.998498584391
5015 0.998499413445
5016 0.998500242498
5022 0.998501071551
5026 0.998501900605
5031 0.998502729658
5032 0.998503558711
5036 0.998504387765
5057 0.998505216818
5061 0.998506045872
5062 0.998506874925
5064 0.998507703978
5068 0.998508533032
5069 0.998509362085
5070 0.998510191138
5076 0.998511020192
5078 0.998511849245
5085 0.998513507352
5086 0.998514336405
5087 0.998515994512
5092 0.998516823565
5103 0.998517652618
5104 0.998518481672
5120 0.998519310725
5123 0.998520139778
5127 0.998520968832
5129 0.998521797885
5130 0.998522626938
5131 0.998523455992
5134 0.998524285045
5140 0.998525114098
5145 0.998525943152
5146 0.998526772205
5151 0.998527601259
5156 0.998528430312
5161 0.998529259365
5163 0.998530088419
5165 0.998530917472
5168 0.998531746525
5174 0.998532575579
5176 0.998533404632
5181 0.998534233685
5192 0.998535062739
5198 0.998535891792
5199 0.998536720845
5208 0.998537549899
5210 0.998540037059
5214 0.998541695165
5221 0.998542524219
5223 0.998543353272
5224 0.998545011379
5232 0.998546669485
5234 0.998547498539
5240 0.998549985699
5243 0.998550814752
5245 0.998551643806
5246 0.998552472859
5249 0.998553301912
5266 0.998554130966
5272 0.998554960019
5275 0.998555789072
5277 0.998556618126
5279 0.998557447179
5283 0.998559105286
5285 0.998560763392
5286 0.998561592446
5289 0.998562421499
5300 0.998563250552
5301 0.998564079606
5305 0.998564908659
5307 0.998565737712
5310 0.998566566766
5311 0.998567395819
5312 0.998568224872
5315 0.998569053926
5317 0.998570712032
5322 0.998571541086
5323 0.998572370139
5344 0.998573199193
5345 0.998574028246
5351 0.998574857299
5370 0.998575686353
5381 0.998576515406
5385 0.998577344459
5386 0.998579831619
5387 0.998580660673
5388 0.998581489726
5389 0.998582318779
5393 0.998583976886
5398 0.998584805939
5402 0.998585634993
5410 0.998586464046
5413 0.998587293099
5415 0.998588122153
5422 0.998588951206
5429 0.998589780259
5433 0.998590609313
5443 0.998591438366
5448 0.998592267419
5459 0.998593096473
5461 0.998593925526
5462 0.998594754579
5464 0.998595583633
5466 0.998596412686
5472 0.99859724174
5475 0.998598070793
5477 0.998598899846
5480 0.9985997289
5489 0.998600557953
5490 0.998601387006
5491 0.99860221606
5492 0.998603045113
5498 0.99860470322
5512 0.998605532273
5522 0.99860719038
5524 0.998608848486
5525 0.99860967754
5529 0.998610506593
5531 0.998611335646
5535 0.9986121647
5544 0.998612993753
5549 0.99861465186
5550 0.99861713902
5554 0.998618797127
5559 0.99861962618
5562 0.998621284287
5570 0.99862211334
5585 0.998623771447
5586 0.998625429553
5589 0.998626258607
5590 0.99862708766
5593 0.998627916713
5595 0.998628745767
5601 0.99862957482
5606 0.998630403873
5627 0.998631232927
5634 0.99863206198
5649 0.998632891033
5654 0.998633720087
5657 0.99863454914
5663 0.998635378193
5674 0.998636207247
5676 0.9986370363
5678 0.998637865353
5682 0.998638694407
5689 0.99863952346
5696 0.998640352513
5697 0.998641181567
5703 0.99864201062
5705 0.998642839674
5712 0.998643668727
5715 0.99864449778
5716 0.998645326834
5721 0.998646155887
5727 0.99864698494
5728 0.998647813994
5730 0.998648643047
5734 0.9986494721
5737 0.998650301154
5740 0.99865195926
5745 0.998652788314
5746 0.998653617367
5751 0.99865444642
5754 0.998655275474
5756 0.998656104527
5759 0.99865693358
5760 0.998657762634
5761 0.998658591687
5768 0.99865942074
5774 0.998660249794
5777 0.998661078847
5781 0.9986619079
5794 0.998663566007
5797 0.998664395061
5808 0.998665224114
5810 0.998666053167
5816 0.998666882221
5817 0.998667711274
5820 0.998669369381
5827 0.998670198434
5831 0.998671027487
5832 0.998671856541
5833 0.998673514647
5844 0.998674343701
5850 0.998675172754
5852 0.998676001807
5854 0.998676830861
5860 0.998677659914
5861 0.998678488967
5865 0.998679318021
5866 0.998680147074
5871 0.998681805181
5872 0.998682634234
5873 0.998683463287
5874 0.998684292341
5878 0.998685121394
5888 0.998685950447
5889 0.998686779501
5890 0.998687608554
5891 0.998688437608
5892 0.998689266661
5893 0.998690924768
5896 0.998692582874
5906 0.998693411928
5909 0.998694240981
5911 0.998695070034
5920 0.998695899088
5930 0.998697557194
5932 0.998698386248
5936 0.998699215301
5939 0.998700044354
5943 0.998700873408
5945 0.998701702461
5951 0.998703360568
5955 0.998704189621
5960 0.998705847728
5969 0.998706676781
5973 0.998707505834
5976 0.998708334888
5979 0.998709163941
5985 0.998710822048
5989 0.998712480155
5990 0.998713309208
5993 0.998714138261
5999 0.998716625421
6000 0.998717454475
6001 0.998718283528
6005 0.998719112581
6007 0.998719941635
6016 0.998720770688
6019 0.998721599741
6032 0.998722428795
6039 0.998723257848
6047 0.998724086901
6049 0.998724915955
6054 0.998725745008
6058 0.998726574061
6069 0.998727403115
6071 0.998728232168
6080 0.998729061221
6089 0.998729890275
6090 0.998731548381
6091 0.998732377435
6093 0.998734035542
6097 0.998734864595
6099 0.998735693648
6103 0.998736522702
6106 0.998737351755
6117 0.998738180808
6122 0.998739009862
6129 0.998739838915
6130 0.998740667968
6139 0.998741497022
6140 0.998742326075
6154 0.998743155128
6167 0.998743984182
6176 0.998745642288
6178 0.998746471342
6180 0.998747300395
6182 0.998748129448
6189 0.998748958502
6190 0.998749787555
6192 0.998750616608
6200 0.998751445662
6203 0.998752274715
6206 0.998753103768
6228 0.998754761875
6235 0.998755590928
6237 0.998757249035
6241 0.998758078089
6242 0.998758907142
6249 0.998759736195
6257 0.998760565249
6260 0.998761394302
6275 0.998762223355
6276 0.998763052409
6277 0.998763881462
6285 0.998764710515
6289 0.998765539569
6294 0.998766368622
6298 0.998767197675
6301 0.998768026729
6303 0.998768855782
6305 0.998769684835
6306 0.998770513889
6309 0.998771342942
6312 0.998772171995
6314 0.998773830102
6315 0.998774659155
6317 0.998775488209
6320 0.998777146315
6326 0.998777975369
6329 0.998778804422
6330 0.998780462529
6339 0.998781291582
6350 0.998782120636
6360 0.998782949689
6362 0.998783778742
6372 0.998784607796
6377 0.998785436849
6378 0.998786265902
6386 0.998787094956
6392 0.998788753062
6393 0.998789582116
6394 0.998790411169
6395 0.998791240222
6396 0.998792069276
6398 0.998792898329
6405 0.998793727382
6413 0.998794556436
6415 0.998796214542
6417 0.998797043596
6418 0.998800359809
6433 0.998801188862
6434 0.998802017916
6437 0.998802846969
6440 0.998803676023
6447 0.998805334129
6450 0.998806992236
6453 0.998807821289
6458 0.998808650343
6464 0.998809479396
6465 0.998810308449
6469 0.998811137503
6480 0.998811966556
6484 0.998813624663
6491 0.998814453716
6492 0.998815282769
6511 0.998816111823
6514 0.998816940876
6515 0.998817769929
6519 0.998818598983
6523 0.998819428036
6525 0.998820257089
6526 0.998821915196
6527 0.998822744249
6530 0.998823573303
6555 0.998824402356
6563 0.99882523141
6570 0.998826060463
6573 0.998826889516
6584 0.99882771857
6599 0.998828547623
6618 0.998829376676
6623 0.99883020573
6630 0.998831034783
6644 0.998831863836
6660 0.99883269289
6670 0.998833521943
6677 0.998834350996
6690 0.99883518005
6691 0.998836838156
6696 0.99883766721
6697 0.998838496263
6704 0.998839325316
6730 0.99884015437
6731 0.998840983423
6735 0.998841812476
6748 0.99884264153
6749 0.998843470583
6754 0.998844299636
6767 0.99884512869
6772 0.998845957743
6781 0.998846786796
6789 0.99884761585
6796 0.998848444903
6800 0.998849273957
6805 0.998850932063
6814 0.998851761117
6815 0.99885259017
6824 0.998853419223
6827 0.998854248277
6829 0.99885507733
6837 0.998855906383
6845 0.998856735437
6849 0.99885756449
6856 0.998858393543
6871 0.998859222597
6882 0.99886005165
6883 0.998860880703
6897 0.998861709757
6919 0.99886253881
6927 0.998863367863
6934 0.998864196917
6945 0.99886502597
6961 0.998865855023
6962 0.998866684077
6967 0.99886751313
6969 0.998869171237
6973 0.99887000029
6974 0.998870829344
6977 0.998871658397
6978 0.99887248745
6982 0.998873316504
6984 0.998874145557
6988 0.99887497461
6997 0.998875803664
7013 0.998876632717
7019 0.998879119877
7030 0.99887994893
7031 0.998880777984
7041 0.998881607037
7058 0.99888243609
7067 0.998883265144
7073 0.998884094197
7079 0.99888492325
7083 0.998885752304
7084 0.998886581357
7088 0.99888741041
7102 0.998888239464
7103 0.998889068517
7104 0.99888989757
7110 0.998890726624
7115 0.998891555677
7118 0.99889238473
7122 0.998893213784
7125 0.998894871891
7127 0.998895700944
7132 0.998896529997
7139 0.998897359051
7146 0.998898188104
7148 0.998899017157
7151 0.998899846211
7159 0.998900675264
7166 0.998901504317
7173 0.998902333371
7179 0.998903162424
7183 0.998903991477
7192 0.998904820531
7199 0.998905649584
7202 0.998906478637
7205 0.998907307691
7214 0.998908136744
7231 0.998908965797
7234 0.998909794851
7236 0.998910623904
7240 0.998911452957
7242 0.998912282011
7247 0.998913111064
7255 0.998914769171
7281 0.998915598224
7284 0.998916427278
7295 0.998917256331
7298 0.998918085384
7312 0.998918914438
7315 0.998919743491
7321 0.998920572544
7326 0.998921401598
7333 0.998923059704
7344 0.998923888758
7346 0.998924717811
7348 0.998925546864
7371 0.998926375918
7373 0.998927204971
7376 0.998928034024
7382 0.998928863078
7394 0.998929692131
7399 0.998930521184
7406 0.998931350238
7430 0.998932179291
7444 0.998933008344
7448 0.998933837398
7460 0.998934666451
7468 0.998935495504
7472 0.998936324558
7476 0.998937153611
7499 0.998937982664
7508 0.998938811718
7515 0.998939640771
7526 0.998940469825
7528 0.998941298878
7529 0.998942127931
7536 0.998942956985
7546 0.998943786038
7548 0.998944615091
7551 0.998946273198
7555 0.998947102251
7558 0.998948760358
7560 0.998949589411
7561 0.998950418465
7570 0.998951247518
7582 0.998952076571
7583 0.998952905625
7590 0.998953734678
7596 0.998954563731
7602 0.998955392785
7609 0.998956221838
7629 0.998957050891
7636 0.998957879945
7642 0.998958708998
7646 0.998959538051
7652 0.998960367105
7656 0.998961196158
7667 0.998962025212
7685 0.998962854265
7686 0.998964512372
7689 0.998965341425
7693 0.998966170478
7700 0.998966999532
7702 0.998967828585
7703 0.998968657638
7718 0.998969486692
7724 0.998970315745
7725 0.998971144798
7728 0.998971973852
7733 0.998972802905
7740 0.998973631958
7743 0.998974461012
7745 0.998975290065
7754 0.998976119118
7756 0.998976948172
7759 0.998977777225
7762 0.998978606278
7764 0.998979435332
7768 0.998980264385
7776 0.998981093438
7778 0.998981922492
7787 0.998982751545
7798 0.998983580598
7821 0.998984409652
7829 0.998985238705
7831 0.998986067759
7841 0.998986896812
7845 0.998987725865
7846 0.998989383972
7851 0.998990213025
7855 0.998991042079
7867 0.998991871132
7870 0.998992700185
7871 0.998993529239
7877 0.998994358292
7881 0.998995187345
7893 0.998996016399
7899 0.998996845452
7902 0.998997674505
7910 0.998998503559
7914 0.998999332612
7918 0.999000161665
7919 0.999000990719
7925 0.999001819772
7946 0.999002648825
7962 0.999003477879
7973 0.999004306932
7982 0.999005135985
7991 0.999005965039
8010 0.999006794092
8021 0.999007623146
8030 0.999008452199
8033 0.999009281252
8042 0.999010110306
8060 0.999010939359
8065 0.999011768412
8067 0.999012597466
8072 0.999013426519
8080 0.999014255572
8084 0.999015084626
8091 0.999015913679
8125 0.999016742732
8146 0.999017571786
8151 0.999018400839
8156 0.999019229892
8163 0.999020058946
8165 0.999020887999
8179 0.999021717052
8187 0.999022546106
8199 0.999023375159
8206 0.999024204212
8217 0.999025033266
8226 0.999025862319
8243 0.999026691372
8245 0.999027520426
8261 0.999028349479
8272 0.999029178532
8273 0.999030007586
8280 0.999030836639
8306 0.999031665693
8337 0.999032494746
8343 0.999033323799
8352 0.999034152853
8356 0.999034981906
8361 0.999035810959
8364 0.999036640013
8395 0.999037469066
8396 0.999038298119
8416 0.999039127173
8421 0.999039956226
8423 0.999040785279
8437 0.999041614333
8440 0.999042443386
8459 0.999043272439
8480 0.999044101493
8481 0.999044930546
8488 0.999045759599
8502 0.999046588653
8538 0.999047417706
8547 0.999048246759
8548 0.999049075813
8568 0.999049904866
8574 0.999050733919
8597 0.999051562973
8598 0.999052392026
8603 0.99905322108
8605 0.999054050133
8610 0.999054879186
8614 0.99905570824
8615 0.999056537293
8678 0.999057366346
8685 0.9990581954
8690 0.999059024453
8692 0.999059853506
8693 0.99906068256
8697 0.999061511613
8704 0.999062340666
8718 0.99906316972
8724 0.999063998773
8728 0.999064827826
8737 0.99906565688
8739 0.999066485933
8769 0.999067314986
8774 0.99906814404
8775 0.999068973093
8781 0.999069802146
8789 0.9990706312
8793 0.999071460253
8835 0.999072289306
8839 0.99907311836
8850 0.999073947413
8851 0.999074776466
8856 0.99907560552
8861 0.999076434573
8867 0.999077263627
8871 0.999078921733
8879 0.999079750787
8887 0.99908057984
8889 0.999081408893
8923 0.999082237947
8931 0.999083067
8935 0.999083896053
8937 0.999084725107
8941 0.99908555416
8943 0.999086383213
8954 0.999087212267
8955 0.99908804132
8956 0.999088870373
8960 0.999089699427
8969 0.999091357533
8971 0.999092186587
8972 0.99909301564
8988 0.999093844693
8994 0.999094673747
9011 0.9990955028
9016 0.999097160907
9020 0.99909798996
9029 0.999098819014
9034 0.999099648067
9035 0.99910047712
9046 0.999101306174
9080 0.999102135227
9086 0.99910296428
9091 0.999103793334
9148 0.999104622387
9165 0.99910545144
9173 0.999106280494
9186 0.999107109547
9194 0.9991079386
9201 0.999108767654
9204 0.999109596707
9209 0.99911042576
9210 0.999111254814
9236 0.999112083867
9238 0.999113741974
9249 0.999114571027
9271 0.99911540008
9294 0.999116229134
9297 0.999117058187
9299 0.99911788724
9316 0.999118716294
9333 0.999119545347
9365 0.9991203744
9377 0.999121203454
9390 0.999122032507
9394 0.999122861561
9404 0.999123690614
9405 0.999124519667
9471 0.999125348721
9508 0.999126177774
9515 0.999127006827
9544 0.999128664934
9546 0.999129493987
9547 0.999130323041
9550 0.999131152094
9551 0.999131981147
9552 0.999133639254
9562 0.999134468307
9585 0.999135297361
9602 0.999136126414
9619 0.999136955467
9628 0.999137784521
9637 0.999138613574
9641 0.999139442627
9662 0.999140271681
9696 0.999141100734
9719 0.999141929787
9727 0.999142758841
9739 0.999143587894
9757 0.999144416948
9766 0.999145246001
9780 0.999146075054
9784 0.999146904108
9787 0.999147733161
9794 0.999148562214
9823 0.999149391268
9832 0.999150220321
9835 0.999151049374
9877 0.999151878428
9880 0.999152707481
9918 0.999153536534
9923 0.999154365588
9935 0.999155194641
9957 0.999156023694
9962 0.999156852748
9965 0.999157681801
9969 0.999158510854
9975 0.999159339908
9978 0.999160168961
10006 0.999160998014
10012 0.999161827068
10020 0.999162656121
10044 0.999163485174
10047 0.999164314228
10063 0.999165143281
10064 0.999165972334
10083 0.999166801388
10108 0.999167630441
10113 0.999168459495
10119 0.999169288548
10127 0.999170117601
10128 0.999170946655
10170 0.999171775708
10174 0.999172604761
10183 0.999173433815
10192 0.999174262868
10211 0.999175091921
10219 0.999175920975
10226 0.999176750028
10232 0.999177579081
10237 0.999179237188
10242 0.999180895295
10276 0.999181724348
10278 0.999182553401
10280 0.999183382455
10283 0.999184211508
10312 0.999185040561
10319 0.999185869615
10329 0.999187527721
10331 0.999188356775
10341 0.999189185828
10377 0.999190014882
10392 0.999190843935
10399 0.999191672988
10424 0.999193331095
10431 0.999194160148
10434 0.999195818255
10440 0.999196647308
10449 0.999197476362
10460 0.999198305415
10490 0.999199134468
10498 0.999199963522
10513 0.999200792575
10515 0.999201621628
10518 0.999202450682
10523 0.999203279735
10554 0.999204108788
10569 0.999204937842
10575 0.999205766895
10587 0.999206595948
10604 0.999207425002
10613 0.999209083108
10614 0.999209912162
10615 0.999210741215
10634 0.999211570268
10645 0.999212399322
10663 0.999213228375
10672 0.999214057429
10675 0.999214886482
10699 0.999215715535
10707 0.999216544589
10728 0.999217373642
10729 0.999218202695
10731 0.999219031749
10734 0.999219860802
10759 0.999220689855
10767 0.999221518909
10783 0.999222347962
10785 0.999223177015
10791 0.999224006069
10802 0.999224835122
10807 0.999225664175
10827 0.999226493229
10833 0.999227322282
10854 0.999228151335
10876 0.999228980389
10881 0.999229809442
10887 0.999230638495
10904 0.999231467549
10946 0.999232296602
10968 0.999233125655
10997 0.999233954709
11029 0.999234783762
11064 0.999235612816
11078 0.999236441869
11085 0.999237270922
11094 0.999238099976
11100 0.999238929029
11124 0.999239758082
11137 0.999240587136
11139 0.999241416189
11176 0.999242245242
11202 0.999243074296
11221 0.999243903349
11225 0.999244732402
11237 0.999245561456
11246 0.999246390509
11249 0.999247219562
11263 0.999248048616
11269 0.999248877669
11274 0.999249706722
11278 0.999250535776
11306 0.999251364829
11318 0.999252193882
11323 0.999253851989
11332 0.999254681042
11333 0.999255510096
11335 0.999256339149
11351 0.999257168202
11365 0.999257997256
11366 0.999258826309
11385 0.999259655363
11388 0.999260484416
11413 0.999261313469
11428 0.999262142523
11433 0.999262971576
11435 0.999263800629
11436 0.999264629683
11460 0.999265458736
11497 0.999266287789
11517 0.999267116843
11537 0.999267945896
11541 0.999268774949
11545 0.999269604003
11574 0.999270433056
11625 0.999271262109
11638 0.999272091163
11671 0.999272920216
11687 0.999273749269
11711 0.999274578323
11721 0.999275407376
11726 0.999276236429
11761 0.999277065483
11763 0.999277894536
11785 0.999278723589
11808 0.999279552643
11810 0.999280381696
11816 0.99928121075
11820 0.999282039803
11848 0.999282868856
11860 0.99928369791
11875 0.999284526963
11894 0.999285356016
11903 0.99928618507
11933 0.999287014123
11953 0.999287843176
11958 0.99928867223
12000 0.999289501283
12003 0.999290330336
12040 0.99929115939
12076 0.999291988443
12080 0.999292817496
12110 0.999294475603
12148 0.999295304656
12165 0.99929613371
12168 0.999296962763
12184 0.999297791816
12192 0.99929862087
12238 0.999299449923
12242 0.999300278976
12245 0.99930110803
12248 0.999301937083
12266 0.999302766136
12278 0.99930359519
12283 0.999304424243
12289 0.999305253297
12296 0.99930608235
12317 0.999306911403
12337 0.999307740457
12344 0.999309398563
12360 0.999310227617
12383 0.99931105667
12385 0.999311885723
12402 0.999312714777
12420 0.99931354383
12421 0.999314372883
12452 0.999315201937
12454 0.99931603099
12457 0.999317689097
12467 0.99931851815
12506 0.999319347203
12514 0.999320176257
12515 0.99932100531
12517 0.999321834363
12578 0.999322663417
12583 0.99932349247
12587 0.999324321523
12594 0.999325150577
12611 0.99932597963
12615 0.999326808684
12680 0.999327637737
12682 0.99932846679
12696 0.999329295844
12703 0.999330124897
12705 0.99933095395
12716 0.999331783004
12727 0.999332612057
12733 0.99933344111
12770 0.999334270164
12771 0.999335099217
12787 0.99933592827
12797 0.999336757324
12800 0.999337586377
12802 0.99933841543
12820 0.999339244484
12838 0.999340073537
12854 0.99934090259
12879 0.999341731644
12890 0.999342560697
12905 0.99934338975
12910 0.999344218804
12923 0.999345047857
12931 0.99934587691
12938 0.999346705964
12968 0.999347535017
13042 0.99934836407
13056 0.999349193124
13091 0.999350022177
13118 0.999350851231
13127 0.999351680284
13138 0.999352509337
13178 0.999353338391
13203 0.999354167444
13225 0.999354996497
13227 0.999355825551
13237 0.999357483657
13258 0.999358312711
13329 0.999359141764
13362 0.999359970817
13369 0.999360799871
13370 0.999361628924
13391 0.999362457977
13410 0.999363287031
13427 0.999364116084
13449 0.999364945137
13473 0.999365774191
13477 0.999366603244
13506 0.999367432297
13547 0.999368261351
13553 0.999369090404
13561 0.999369919457
13567 0.999370748511
13594 0.999371577564
13626 0.999372406618
13671 0.999373235671
13674 0.999374064724
13683 0.999374893778
13724 0.999375722831
13738 0.999376551884
13759 0.999377380938
13776 0.999378209991
13788 0.999379039044
13791 0.999379868098
13813 0.999380697151
13814 0.999381526204
13831 0.999382355258
13864 0.999383184311
13881 0.999384013364
13883 0.999384842418
13903 0.999385671471
13934 0.999386500524
13941 0.999387329578
13957 0.999388158631
13987 0.999388987684
14038 0.999389816738
14061 0.999390645791
14066 0.999391474844
14083 0.999392303898
14129 0.999393132951
14144 0.999393962004
14183 0.999394791058
14197 0.999395620111
14205 0.999396449165
14260 0.999397278218
14278 0.999398107271
14288 0.999398936325
14346 0.999399765378
14355 0.999400594431
14376 0.999401423485
14385 0.999402252538
14400 0.999403081591
14442 0.999403910645
14481 0.999404739698
14495 0.999405568751
14496 0.999406397805
14525 0.999407226858
14537 0.999408055911
14540 0.999408884965
14560 0.999409714018
14575 0.999410543071
14607 0.999411372125
14689 0.999412201178
14691 0.999413030231
14721 0.999413859285
14729 0.999414688338
14732 0.999415517391
14758 0.999416346445
14765 0.999417175498
14768 0.999418004552
14771 0.999418833605
14788 0.999419662658
14789 0.999420491712
14809 0.999421320765
14820 0.999422149818
14831 0.999422978872
14833 0.999423807925
14847 0.999424636978
14849 0.999425466032
14859 0.999426295085
14864 0.999427124138
14892 0.999427953192
14899 0.999428782245
14951 0.999429611298
14975 0.999430440352
15030 0.999431269405
15070 0.999432098458
15071 0.999432927512
15075 0.999433756565
15080 0.999434585618
15093 0.999435414672
15101 0.999436243725
15113 0.999437072778
15153 0.999437901832
15163 0.999438730885
15172 0.999439559938
15175 0.999440388992
15177 0.999441218045
15178 0.999442047099
15195 0.999442876152
15197 0.999443705205
15229 0.999444534259
15234 0.999445363312
15236 0.999446192365
15307 0.999447021419
15312 0.999447850472
15321 0.999448679525
15340 0.999449508579
15344 0.999450337632
15384 0.999451166685
15401 0.999451995739
15406 0.999452824792
15432 0.999453653845
15440 0.999454482899
15446 0.999455311952
15461 0.999456141005
15493 0.999456970059
15521 0.999457799112
15567 0.999458628165
15578 0.999459457219
15595 0.999460286272
15619 0.999461115325
15630 0.999461944379
15646 0.999462773432
15659 0.999463602486
15680 0.999464431539
15709 0.999465260592
15712 0.999466089646
15770 0.999467747752
15782 0.999468576806
15783 0.999469405859
15814 0.999470234912
15820 0.999471063966
15826 0.999471893019
15839 0.999472722072
15877 0.999473551126
16029 0.999474380179
16083 0.999475209232
16086 0.999476038286
16219 0.999476867339
16225 0.999477696392
16239 0.999478525446
16249 0.999479354499
16267 0.999480183552
16270 0.999481012606
16272 0.999481841659
16273 0.999482670712
16279 0.999483499766
16312 0.999484328819
16332 0.999485157872
16370 0.999485986926
16377 0.999486815979
16379 0.999487645033
16382 0.999488474086
16385 0.999489303139
16396 0.999490132193
16414 0.999490961246
16418 0.999491790299
16438 0.999492619353
16439 0.999493448406
16465 0.999494277459
16473 0.999495106513
16478 0.999495935566
16479 0.999496764619
16493 0.999497593673
16502 0.999498422726
16505 0.999499251779
16538 0.999500080833
16560 0.999500909886
16561 0.999501738939
16569 0.999502567993
16591 0.999503397046
16637 0.999504226099
16657 0.999505055153
16703 0.999505884206
16724 0.999506713259
16741 0.999507542313
16785 0.999508371366
16798 0.99950920042
16829 0.999510029473
16854 0.999510858526
16915 0.99951168758
16950 0.999512516633
17034 0.999513345686
17036 0.99951417474
17049 0.999515003793
17055 0.999515832846
17141 0.9995166619
17172 0.999517490953
17235 0.999518320006
17284 0.99951914906
17318 0.999519978113
17410 0.999520807166
17430 0.99952163622
17463 0.999522465273
17473 0.999523294326
17505 0.99952412338
17538 0.999524952433
17543 0.999525781486
17550 0.99952661054
17615 0.999527439593
17658 0.999528268646
17699 0.9995290977
17735 0.999529926753
17766 0.999530755806
17788 0.99953158486
17932 0.999532413913
17937 0.999533242967
17999 0.99953407202
18071 0.999534901073
18107 0.999535730127
18183 0.99953655918
18218 0.999537388233
18345 0.999538217287
18381 0.99953904634
18391 0.999540704447
18430 0.9995415335
18450 0.999542362553
18531 0.999543191607
18535 0.99954402066
18649 0.999544849713
18663 0.999545678767
18689 0.99954650782
18747 0.999547336873
18803 0.999548165927
18875 0.99954899498
18888 0.999549824033
18919 0.999550653087
18969 0.99955148214
18986 0.999552311193
19004 0.999553140247
19017 0.9995539693
19027 0.999554798354
19032 0.999555627407
19042 0.99955645646
19044 0.999557285514
19109 0.999558114567
19114 0.99955894362
19128 0.999559772674
19131 0.999560601727
19166 0.99956143078
19279 0.999562259834
19291 0.999563088887
19298 0.99956391794
19330 0.999564746994
19332 0.999565576047
19348 0.9995664051
19359 0.999567234154
19477 0.999568063207
19510 0.99956889226
19533 0.999569721314
19557 0.999570550367
19560 0.99957137942
19567 0.999572208474
19569 0.999573037527
19612 0.99957386658
19682 0.999574695634
19696 0.999575524687
19763 0.99957635374
19788 0.999577182794
19801 0.999578011847
19807 0.999578840901
19821 0.999579669954
19874 0.999580499007
19875 0.999581328061
19959 0.999582157114
20005 0.999582986167
20106 0.999583815221
20170 0.999584644274
20185 0.999585473327
20205 0.999586302381
20242 0.999587131434
20320 0.999587960487
20369 0.999588789541
20377 0.999589618594
20394 0.999590447647
20437 0.999591276701
20460 0.999592105754
20469 0.999592934807
20503 0.999593763861
20515 0.999594592914
20544 0.999595421967
20603 0.999596251021
20605 0.999597080074
20628 0.999597909127
20654 0.999598738181
20690 0.999599567234
20760 0.999600396287
20771 0.999601225341
20774 0.999602054394
20786 0.999602883448
20912 0.999603712501
20945 0.999604541554
20987 0.999605370608
21018 0.999606199661
21024 0.999607028714
21071 0.999607857768
21074 0.999608686821
21087 0.999609515874
21092 0.999610344928
21141 0.999611173981
21144 0.999612003034
21163 0.999612832088
21169 0.999613661141
21183 0.999614490194
21220 0.999615319248
21430 0.999616148301
21433 0.999616977354
21438 0.999617806408
21461 0.999618635461
21507 0.999619464514
21554 0.999620293568
21589 0.999621122621
21622 0.999621951674
21626 0.999622780728
21628 0.999623609781
21657 0.999624438835
21700 0.999625267888
21753 0.999626096941
21777 0.999626925995
21817 0.999627755048
22070 0.999628584101
22074 0.999629413155
22142 0.999630242208
22176 0.999631071261
22214 0.999631900315
22237 0.999632729368
22244 0.999633558421
22280 0.999634387475
22298 0.999635216528
22385 0.999636045581
22453 0.999636874635
22461 0.999637703688
22462 0.999638532741
22470 0.999639361795
22476 0.999640190848
22568 0.999641019901
22571 0.999641848955
22670 0.999642678008
22715 0.999643507061
22737 0.999644336115
22788 0.999645165168
22829 0.999645994221
22894 0.999646823275
23106 0.999647652328
23113 0.999648481382
23127 0.999649310435
23196 0.999650139488
23221 0.999650968542
23305 0.999651797595
23310 0.999652626648
23320 0.999653455702
23395 0.999654284755
23435 0.999655113808
23465 0.999655942862
23516 0.999656771915
23535 0.999657600968
23550 0.999658430022
23613 0.999659259075
23678 0.999660088128
23761 0.999660917182
23832 0.999661746235
23896 0.999662575288
23905 0.999663404342
24094 0.999664233395
24118 0.999665062448
24204 0.999665891502
24253 0.999666720555
24306 0.999667549608
24323 0.999668378662
24382 0.999669207715
24436 0.999670036769
24466 0.999670865822
24565 0.999671694875
24571 0.999672523929
24576 0.999673352982
24587 0.999674182035
24648 0.999675011089
24794 0.999675840142
24905 0.999676669195
24993 0.999677498249
25015 0.999678327302
25025 0.999679156355
25052 0.999679985409
25173 0.999680814462
25252 0.999681643515
25326 0.999682472569
25334 0.999683301622
25538 0.999684130675
25554 0.999684959729
25572 0.999685788782
25657 0.999686617835
25676 0.999687446889
25702 0.999688275942
25715 0.999689104995
25743 0.999689934049
25793 0.999690763102
25874 0.999691592155
25966 0.999692421209
26030 0.999693250262
26135 0.999694079316
26235 0.999694908369
26529 0.999695737422
26598 0.999696566476
26621 0.999697395529
26646 0.999698224582
26728 0.999699053636
26815 0.999699882689
27022 0.999700711742
27113 0.999701540796
27166 0.999702369849
27305 0.999703198902
27316 0.999704027956
27338 0.999704857009
27395 0.999705686062
27498 0.999706515116
27658 0.999707344169
27693 0.999708173222
27841 0.999709002276
27849 0.999709831329
27863 0.999710660382
28103 0.999711489436
28129 0.999712318489
28137 0.999713147542
28202 0.999713976596
28205 0.999714805649
28227 0.999715634703
28329 0.999716463756
28396 0.999717292809
28660 0.999718121863
28671 0.999718950916
28702 0.999719779969
28710 0.999720609023
28805 0.999721438076
28958 0.999722267129
29093 0.999723096183
29189 0.999723925236
29251 0.999724754289
29272 0.999725583343
29350 0.999726412396
29451 0.999727241449
29479 0.999728070503
29492 0.999728899556
29494 0.999729728609
29515 0.999730557663
29516 0.999731386716
29607 0.999732215769
29615 0.999733044823
29647 0.999733873876
29650 0.999734702929
29657 0.999735531983
29763 0.999736361036
29852 0.999737190089
29903 0.999738019143
29956 0.999738848196
29988 0.99973967725
29993 0.999740506303
30193 0.999741335356
30365 0.99974216441
30454 0.999742993463
30456 0.999743822516
30529 0.99974465157
30590 0.999745480623
30844 0.999746309676
30983 0.99974713873
31208 0.999747967783
31231 0.999748796836
31232 0.99974962589
31264 0.999750454943
31349 0.999751283996
31362 0.99975211305
31451 0.999752942103
31528 0.999753771156
31549 0.99975460021
31559 0.999755429263
31729 0.999756258316
31870 0.99975708737
31885 0.999757916423
31920 0.999758745476
32060 0.99975957453
32095 0.999760403583
32162 0.999761232637
32338 0.99976206169
32457 0.999762890743
32552 0.999763719797
32710 0.99976454885
32899 0.999765377903
32923 0.999766206957
32999 0.99976703601
33389 0.999767865063
33443 0.999768694117
33452 0.99976952317
33771 0.999770352223
33851 0.999771181277
33879 0.99977201033
33928 0.999772839383
33955 0.999773668437
33966 0.99977449749
34001 0.999775326543
34039 0.999776155597
34302 0.99977698465
34504 0.999777813703
34575 0.999778642757
34615 0.99977947181
34821 0.999780300863
34961 0.999781129917
35005 0.99978195897
35029 0.999782788023
35036 0.999783617077
35446 0.99978444613
35538 0.999785275184
35556 0.999786104237
35613 0.99978693329
35638 0.999787762344
35740 0.999788591397
35774 0.99978942045
35800 0.999790249504
35813 0.999791078557
35818 0.99979190761
35823 0.999792736664
35851 0.999793565717
35864 0.99979439477
36006 0.999795223824
36066 0.999796052877
36113 0.99979688193
36204 0.999797710984
36780 0.999798540037
36799 0.99979936909
36802 0.999800198144
37137 0.999801027197
37191 0.99980185625
37193 0.999802685304
37341 0.999803514357
37372 0.99980434341
37467 0.999805172464
37564 0.999806001517
37593 0.999806830571
37654 0.999807659624
37785 0.999808488677
37813 0.999809317731
38010 0.999810146784
38015 0.999810975837
38073 0.999811804891
38115 0.999812633944
38307 0.999814292051
38411 0.999815121104
38427 0.999815950157
38709 0.999816779211
38812 0.999817608264
38905 0.999818437317
39255 0.999819266371
39377 0.999820095424
39516 0.999820924477
39666 0.999821753531
39953 0.999822582584
40181 0.999823411637
40487 0.999824240691
40561 0.999825069744
40636 0.999825898797
41172 0.999826727851
41183 0.999827556904
41339 0.999828385957
41444 0.999829215011
41450 0.999830044064
41480 0.999830873118
41553 0.999831702171
41873 0.999832531224
41999 0.999833360278
42017 0.999834189331
42071 0.999835018384
42107 0.999835847438
42227 0.999836676491
42637 0.999837505544
42796 0.999838334598
43161 0.999839163651
43183 0.999839992704
43445 0.999840821758
43639 0.999841650811
43831 0.999842479864
43944 0.999843308918
44064 0.999844137971
44065 0.999845796078
44141 0.999846625131
44255 0.999847454184
44332 0.999848283238
44606 0.999849112291
44619 0.999849941344
44929 0.999850770398
45664 0.999851599451
45925 0.999852428505
45974 0.999853257558
46093 0.999854086611
46379 0.999854915665
46685 0.999855744718
46731 0.999856573771
46854 0.999857402825
47402 0.999858231878
47468 0.999859060931
47483 0.999859889985
47598 0.999860719038
47741 0.999861548091
47940 0.999862377145
48192 0.999863206198
48244 0.999864035251
48361 0.999864864305
48414 0.999865693358
48517 0.999866522411
48910 0.999867351465
49076 0.999868180518
49089 0.999869009571
49320 0.999869838625
49772 0.999870667678
49801 0.999871496731
49975 0.999872325785
50161 0.999873154838
50564 0.999873983891
50586 0.999874812945
50799 0.999875641998
51064 0.999876471052
51096 0.999877300105
51182 0.999878129158
51191 0.999878958212
51201 0.999879787265
51297 0.999880616318
51757 0.999881445372
51969 0.999882274425
52006 0.999883103478
52060 0.999883932532
53062 0.999884761585
53203 0.999885590638
54638 0.999886419692
54766 0.999887248745
54825 0.999888077798
55007 0.999888906852
55531 0.999889735905
55677 0.999890564958
55700 0.999891394012
56444 0.999892223065
56515 0.999893052118
56685 0.999893881172
56876 0.999894710225
57302 0.999895539278
57315 0.999896368332
57485 0.999897197385
57791 0.999898026439
57838 0.999898855492
57940 0.999899684545
57989 0.999900513599
58110 0.999901342652
59906 0.999902171705
60269 0.999903000759
60437 0.999903829812
61053 0.999904658865
61086 0.999905487919
61803 0.999906316972
61863 0.999907146025
61918 0.999907975079
62188 0.999908804132
62578 0.999909633185
62685 0.999910462239
62719 0.999911291292
63962 0.999912120345
64304 0.999912949399
64372 0.999913778452
65554 0.999914607505
66570 0.999915436559
66815 0.999916265612
66922 0.999917094665
66966 0.999917923719
67011 0.999918752772
67130 0.999919581825
67211 0.999920410879
67307 0.999921239932
67378 0.999922068986
67972 0.999922898039
68125 0.999923727092
69862 0.999924556146
70485 0.999925385199
71614 0.999926214252
71689 0.999927043306
71977 0.999927872359
72043 0.999928701412
72643 0.999929530466
72853 0.999930359519
75239 0.999931188572
76677 0.999932017626
77484 0.999932846679
77534 0.999933675732
78682 0.999934504786
80279 0.999935333839
80588 0.999936162892
81279 0.999936991946
81956 0.999937820999
82601 0.999938650052
82974 0.999939479106
82977 0.999940308159
83177 0.999941137212
83426 0.999941966266
83780 0.999942795319
83899 0.999943624373
84555 0.999944453426
84821 0.999945282479
85366 0.999946111533
85798 0.999946940586
86578 0.999947769639
88524 0.999948598693
88558 0.999949427746
88980 0.999950256799
89417 0.999951085853
89922 0.999951914906
90158 0.999952743959
90309 0.999953573013
90341 0.999954402066
92111 0.999955231119
92542 0.999956060173
92990 0.999956889226
93679 0.999957718279
93786 0.999958547333
94031 0.999959376386
94237 0.999960205439
94578 0.999961034493
94805 0.999961863546
96037 0.999962692599
96050 0.999963521653
96644 0.999964350706
98035 0.999965179759
99001 0.999966008813
99543 0.999966837866
100068 0.99996766692
101766 0.999968495973
101872 0.999969325026
103718 0.99997015408
104170 0.999970983133
105755 0.999971812186
106679 0.99997264124
108330 0.999973470293
108678 0.999974299346
109020 0.9999751284
110124 0.999975957453
111491 0.999976786506
112703 0.99997761556
113001 0.999978444613
113042 0.999979273666
114507 0.99998010272
114895 0.999980931773
115347 0.999981760826
115901 0.99998258988
117427 0.999983418933
118196 0.999984247986
119820 0.99998507704
128138 0.999985906093
134031 0.999986735146
137023 0.9999875642
138452 0.999988393253
140977 0.999989222307
144174 0.99999005136
147850 0.999990880413
161121 0.999991709467
162936 0.99999253852
163801 0.999993367573
166373 0.999994196627
167931 0.99999502568
171307 0.999995854733
171694 0.999996683787
197481 0.99999751284
222303 0.999998341893
229257 0.999999170947
270985 1.0
294720 1.0
