2 1
3 3
4 6
5 10
6 9
7 10
8 8
9 9
10 7
11 8
12 7
13 8
14 7
15 8
16 7
17 8
18 8
19 8
20 8
21 9
22 8
23 9
24 8
25 9
26 9
27 8
28 8
29 9
30 8
31 9
32 9
33 9
34 8
35 9
36 8
37 9
38 10
39 9
40 8
41 9
42 9
43 8
44 9
45 9
46 9
47 9
48 9
49 10
50 9
51 9
52 9
53 10
54 10
55 11
56 11
57 9
58 9
59 9
60 11
61 10
62 8
63 8
64 10
65 9
66 9
67 10
68 11
69 11
70 10
71 10
72 10
73 9
74 10
75 11
76 10
77 11
78 11
79 12
80 10
81 10
82 10
83 10
84 10
85 9
86 8
87 12
88 11
89 10
90 12
91 11
92 11
93 12
94 12
95 11
96 12
97 12
98 11
99 12
100 12
101 11
102 13
103 13
104 11
105 13
106 12
107 13
108 13
109 14
110 15
111 16
112 12
113 11
114 11
115 14
116 13
117 12
118 11
119 14
120 12
121 13
122 11
123 12
124 12
125 11
126 14
127 14
128 11
129 14
130 15
131 14
132 9
133 13
134 12
135 13
136 15
137 13
138 15
139 14
140 11
141 12
142 14
143 13
144 14
145 12
146 13
147 16
148 15
149 12
150 13
151 16
152 12
153 14
154 12
155 16
156 14
157 15
158 16
159 15
160 12
161 14
162 13
163 17
164 16
165 16
166 13
167 14
168 15
169 16
170 13
171 14
172 16
173 14
174 12
175 13
176 13
177 12
178 17
179 16
180 14
181 16
182 16
183 19
184 15
185 11
186 20
187 14
188 12
189 12
190 15
191 16
192 15
193 15
194 14
195 18
196 15
197 13
198 15
199 17
200 15
201 18
202 15
203 16
204 17
205 15
206 15
207 16
208 18
209 16
210 17
211 14
212 18
213 14
214 14
215 17
216 13
217 20
218 17
219 21
220 16
221 15
222 17
223 14
224 17
225 19
226 19
227 14
228 17
229 17
230 16
231 18
232 22
233 19
234 21
235 18
236 17
237 19
238 17
239 18
240 19
241 18
242 13
243 18
244 19
245 25
246 21
247 14
248 15
249 23
250 22
251 15
252 19
253 15
254 21
255 17
256 25
257 17
258 15
259 18
260 21
261 21
262 16
263 13
264 20
265 23
266 21
267 15
268 19
269 15
270 20
271 19
272 21
273 14
274 18
275 23
276 17
277 22
278 18
279 13
280 13
281 16
282 16
283 18
284 19
285 16
286 19
287 15
288 21
289 19
290 14
291 18
292 18
293 17
294 19
295 16
296 25
297 21
298 13
299 20
300 20
301 14
302 18
303 21
304 16
305 20
306 22
307 17
308 14
309 17
310 22
311 19
312 20
313 16
314 18
315 22
316 16
317 20
318 17
319 18
320 28
321 19
322 16
323 21
324 29
325 19
326 19
327 21
328 27
329 16
330 16
331 25
332 19
333 22
334 12
335 19
336 21
337 27
338 21
339 15
340 23
341 17
342 22
343 23
344 23
345 22
346 19
347 19
348 22
349 16
350 17
351 27
352 22
353 19
354 15
355 24
356 20
357 19
358 26
359 18
360 14
361 22
362 11
363 17
364 21
365 24
366 18
367 19
368 19
369 15
370 18
371 16
372 18
373 14
374 23
375 26
376 26
377 22
378 28
379 17
380 24
381 22
382 16
383 20
384 20
385 16
386 19
387 25
388 20
389 14
390 26
391 23
392 22
393 23
394 22
395 16
396 18
397 23
398 18
399 26
400 23
401 17
402 19
403 29
404 18
405 19
406 25
407 23
408 21
409 26
410 30
411 30
412 24
413 21
414 20
415 19
416 19
417 22
418 15
419 16
420 20
421 26
422 19
423 26
424 22
425 21
426 17
427 29
428 24
429 18
430 20
431 25
432 27
433 23
434 27
435 30
436 18
437 23
438 25
439 21
440 23
441 23
442 23
443 26
444 28
445 19
446 23
447 23
448 23
449 27
450 20
451 16
452 22
453 24
454 21
455 21
456 27
457 23
458 21
459 23
460 16
461 25
462 21
463 28
464 25
465 21
466 21
467 22
468 21
469 19
470 29
471 29
472 22
473 24
474 25
475 24
476 19
477 14
478 16
479 21
480 13
481 26
482 33
483 25
484 20
485 18
486 18
487 20
488 24
489 29
490 18
491 19
492 22
493 23
494 22
495 28
496 22
497 24
498 22
499 22
500 19
501 22
502 23
503 32
504 18
505 27
506 18
507 24
508 18
509 29
510 20
511 26
512 23
513 20
514 25
515 26
516 21
517 36
518 17
519 24
520 15
521 29
522 18
523 26
524 10
525 25
526 17
527 26
528 21
529 25
530 29
531 28
532 29
533 23
534 22
535 31
536 30
537 30
538 26
539 27
540 23
541 23
542 30
543 19
544 24
545 21
546 32
547 25
548 21
549 21
550 25
551 21
552 29
553 19
554 20
555 21
556 28
557 13
558 26
559 27
560 24
561 18
562 29
563 24
564 19
565 32
566 22
567 28
568 26
569 33
570 28
571 25
572 17
573 30
574 38
575 22
576 25
577 35
578 35
579 22
580 32
581 31
582 29
583 31
584 28
585 21
586 22
587 35
588 29
589 24
590 23
591 16
592 24
593 13
594 26
595 22
596 27
597 19
598 17
599 31
600 38
601 32
602 33
603 24
604 27
605 29
606 23
607 27
608 30
609 18
610 37
611 15
612 27
613 29
614 25
615 38
616 14
617 29
618 21
619 33
620 20
621 24
622 27
623 33
624 24
625 30
626 18
627 26
628 29
629 23
630 29
631 30
632 33
633 26
634 23
635 18
636 30
637 19
638 32
639 28
640 17
641 27
642 27
643 32
644 5
645 25
646 21
647 31
648 27
649 26
650 26
651 26
652 23
653 32
654 21
655 38
656 28
657 27
658 27
659 31
660 20
661 15
662 31
663 25
664 40
665 22
666 32
667 15
668 24
669 23
670 25
671 22
672 16
673 25
674 10
675 15
676 29
677 23
678 30
679 26
680 27
681 23
682 21
683 20
684 23
685 39
686 34
687 32
688 29
689 30
690 41
691 19
692 40
693 24
694 37
695 27
696 29
697 24
698 31
699 24
700 33
701 28
702 11
703 36
704 33
705 23
706 21
707 34
708 22
709 32
710 34
711 27
712 30
713 33
714 32
715 20
716 41
717 35
718 36
719 36
720 50
721 17
722 28
723 22
724 25
725 21
726 21
727 30
728 17
729 31
730 34
731 27
732 31
733 30
734 41
735 21
736 24
737 28
738 30
739 35
740 25
741 19
742 37
743 19
744 23
745 18
746 29
747 22
748 16
749 30
750 37
751 23
752 39
753 20
754 22
755 28
756 29
757 21
758 23
759 39
760 21
761 24
762 23
763 23
764 20
765 22
766 37
767 18
768 23
769 26
770 33
771 12
772 24
773 25
774 22
775 30
776 34
777 16
778 21
779 32
780 26
781 25
782 20
783 28
784 33
785 32
786 23
787 20
788 30
789 33
790 34
791 31
792 29
793 37
794 27
795 16
796 36
797 23
798 32
799 25
800 33
801 17
802 27
803 19
804 31
805 40
806 28
807 32
808 29
809 24
810 29
811 36
812 40
813 23
814 24
815 43
816 16
817 21
818 40
819 37
820 15
821 25
822 32
823 36
824 31
825 15
826 28
827 25
828 19
829 29
830 27
831 22
832 23
833 35
834 11
835 26
836 33
837 19
838 16
839 16
840 50
841 29
842 34
843 30
844 21
845 30
846 31
847 34
848 37
849 42
850 33
851 23
852 19
853 32
854 24
855 27
856 16
857 31
858 9
859 27
860 23
861 23
862 21
863 21
864 17
865 35
866 29
867 22
868 31
869 33
870 40
871 20
872 38
873 40
874 32
875 32
876 37
877 50
878 25
879 25
880 35
881 29
882 23
883 24
884 29
885 18
886 41
887 36
888 18
889 31
890 38
891 35
892 18
893 16
894 29
895 36
896 11
897 24
898 33
899 17
900 18
901 24
902 23
903 28
904 22
905 31
906 28
907 50
908 33
909 27
910 37
911 16
912 26
913 29
914 28
915 26
916 26
917 23
918 25
919 37
920 31
921 27
922 31
923 38
924 27
925 21
926 35
927 41
928 23
929 25
930 31
931 30
932 33
933 29
934 22
935 35
936 33
937 29
938 32
939 33
940 21
941 41
942 31
943 36
944 26
945 21
946 50
947 25
948 29
949 31
950 26
951 17
952 28
953 41
954 45
955 30
956 34
957 20
958 19
959 40
960 41
961 16
962 31
963 34
964 18
965 41
966 33
967 23
968 21
969 14
970 37
971 35
972 29
973 28
974 26
975 26
976 32
978 27
979 3
980 35
981 19
982 38
983 28
984 42
985 30
986 34
987 40
988 34
989 24
990 33
991 32
992 42
993 29
994 30
995 29
996 43
997 25
998 33
999 29
1000 29
1001 32
1002 26
1003 28
1004 27
1005 14
1006 33
1007 36
1008 26
1009 15
1010 12
1011 37
1012 45
1013 32
1014 22
1015 31
1016 37
1017 40
1018 23
1019 37
1020 37
1021 26
1022 25
1023 27
1024 32
1025 30
1026 44
1027 30
1028 37
1029 42
1030 39
1031 30
1032 34
1033 24
1034 37
1035 26
1036 44
1037 21
1038 31
1039 34
1040 33
1041 37
1042 24
1043 29
1044 50
1045 41
1046 41
1047 32
1048 27
1049 31
1050 45
1051 23
1052 35
1053 6
1054 20
1055 33
1056 32
1057 30
1058 24
1059 46
1060 42
1061 50
1062 33
1063 22
1064 21
1065 36
1066 47
1067 34
1068 31
1069 20
1070 30
1071 28
1072 31
1073 29
1074 36
1075 30
1076 34
1077 28
1078 43
1079 22
1080 35
1081 26
1082 33
1083 29
1084 35
1085 24
1086 12
1087 37
1088 31
1089 33
1090 43
1091 19
1092 43
1093 44
1094 33
1095 31
1096 42
1097 29
1098 46
1099 37
1100 39
1101 28
1102 19
1103 24
1104 32
1105 22
1106 35
1107 9
1108 24
1109 35
1110 32
1111 19
1112 33
1113 21
1114 44
1115 33
1116 47
1117 50
1118 31
1119 35
1120 22
1121 24
1122 36
1123 20
1124 34
1125 46
1127 33
1128 31
1129 24
1130 27
1131 25
1132 40
1133 29
1134 35
1135 21
1136 25
1137 50
1138 50
1139 34
1140 36
1141 28
1142 13
1143 33
1144 48
1145 26
1146 41
1147 24
1148 32
1149 27
1150 35
1151 23
1152 36
1153 44
1154 25
1155 28
1156 27
1157 30
1158 32
1159 40
1160 33
1161 43
1162 18
1163 26
1164 46
1165 50
1166 28
1167 43
1168 20
1169 17
1170 41
1171 21
1172 42
1173 24
1174 23
1175 16
1176 21
1177 23
1178 26
1179 21
1180 37
1181 28
1182 29
1183 37
1184 39
1185 38
1186 30
1187 36
1188 8
1189 21
1190 28
1191 47
1192 50
1193 36
1194 28
1195 38
1196 33
1197 31
1198 34
1199 27
1200 29
1201 45
1202 37
1203 26
1204 31
1205 49
1206 25
1207 27
1208 31
1209 28
1210 38
1211 35
1212 38
1213 32
1214 29
1215 36
1216 47
1218 24
1219 38
1220 43
1221 44
1222 50
1223 35
1224 21
1225 22
1226 28
1227 24
1228 23
1229 44
1230 37
1231 36
1232 28
1233 33
1234 32
1235 27
1236 34
1238 19
1239 42
1240 30
1242 10
1243 18
1244 30
1245 24
1246 42
1247 24
1248 50
1249 36
1250 37
1251 38
1252 30
1253 29
1254 38
1255 50
1256 39
1257 33
1258 37
1259 38
1260 32
1261 30
1262 12
1263 29
1264 46
1265 44
1266 33
1268 24
1269 31
1270 44
1271 40
1272 44
1273 24
1274 33
1275 23
1276 34
1277 40
1278 36
1279 22
1280 22
1281 28
1282 36
1283 48
1284 27
1285 32
1286 19
1287 35
1288 31
1289 38
1290 30
1291 28
1292 15
1293 30
1294 37
1295 14
1296 35
1297 42
1298 47
1299 24
1300 30
1301 25
1302 23
1303 38
1304 37
1305 30
1306 43
1307 27
1308 19
1309 50
1310 35
1311 38
1312 26
1313 33
1314 44
1315 35
1316 44
1317 37
1318 38
1319 38
1320 37
1321 31
1322 29
1323 49
1324 32
1325 33
1326 32
1327 35
1328 25
1329 33
1330 34
1331 50
1332 35
1333 29
1334 44
1335 28
1336 49
1337 20
1338 39
1339 37
1340 38
1341 19
1343 37
1345 35
1346 12
1347 33
1348 39
1349 35
1350 29
1351 26
1352 43
1353 29
1354 27
1355 49
1356 39
1357 25
1358 29
1359 37
1360 41
1361 38
1363 21
1364 36
1366 6
1368 28
1369 34
1370 45
1371 50
1372 27
1374 32
1375 37
1376 50
1378 18
1380 28
1381 40
1382 36
1383 19
1384 45
1385 46
1386 44
1387 32
1388 37
1389 23
1390 35
1391 33
1392 34
1393 45
1394 28
1395 46
1396 31
1397 50
1398 33
1399 39
1400 34
1401 50
1402 38
1403 26
1404 44
1405 24
1408 45
1409 32
1410 24
1411 29
1412 37
1413 50
1414 31
1415 35
1416 47
1417 27
1418 28
1419 34
1420 36
1421 18
1422 33
1423 29
1424 36
1425 35
1426 38
1427 38
1428 41
1429 38
1431 38
1432 30
1433 31
1434 28
1435 26
1437 30
1438 32
1439 50
1440 23
1441 20
1442 32
1443 25
1444 39
1445 28
1446 45
1447 27
1449 30
1450 30
1451 38
1452 16
1453 24
1454 38
1456 36
1457 26
1458 40
1459 24
1460 27
1461 50
1462 29
1463 43
1464 23
1465 23
1466 37
1467 29
1468 13
1469 48
1470 36
1471 25
1472 47
1473 43
1474 20
1475 29
1476 16
1477 25
1479 34
1480 30
1481 35
1482 25
1483 31
1484 33
1485 26
1487 40
1488 27
1489 27
1490 40
1491 26
1492 28
1493 27
1494 37
1495 49
1496 23
1497 50
1498 40
1499 40
1500 23
1502 41
1503 50
1504 31
1505 29
1506 41
1508 37
1509 30
1510 21
1511 37
1512 33
1514 19
1515 22
1516 31
1517 34
1518 40
1519 47
1520 36
1521 34
1522 29
1523 40
1524 45
1526 50
1527 37
1529 33
1530 50
1531 41
1532 41
1534 42
1535 25
1536 25
1537 41
1538 15
1540 33
1541 37
1542 42
1543 41
1544 35
1545 41
1546 39
1547 16
1548 28
1549 23
1550 37
1551 33
1552 23
1554 46
1555 42
1556 25
1557 39
1558 45
1559 15
1560 30
1561 22
1562 36
1563 33
1565 22
1566 30
1567 37
1568 21
1569 29
1570 34
1571 41
1573 50
1575 50
1576 41
1578 23
1579 7
1580 37
1581 31
1582 38
1583 35
1584 25
1585 6
1586 36
1587 18
1588 50
1591 49
1592 50
1593 45
1594 29
1595 40
1596 25
1597 24
1598 42
1599 42
1600 50
1602 37
1603 26
1604 23
1605 31
1606 11
1607 31
1608 27
1609 33
1610 33
1611 31
1612 35
1613 29
1615 31
1616 30
1617 47
1618 50
1619 50
1620 37
1621 39
1622 32
1624 32
1625 18
1626 32
1627 33
1628 19
1629 41
1630 34
1631 40
1632 37
1633 37
1634 42
1636 11
1637 25
1638 32
1639 36
1640 38
1641 28
1642 32
1643 40
1644 36
1646 25
1647 25
1648 29
1650 48
1651 50
1652 41
1653 39
1654 26
1656 50
1657 29
1658 28
1659 36
1660 20
1662 39
1663 13
1664 20
1665 50
1666 36
1667 34
1668 39
1669 32
1670 42
1671 27
1672 36
1673 24
1676 20
1677 46
1679 27
1680 14
1681 29
1682 7
1683 37
1684 39
1685 32
1686 38
1687 40
1688 21
1689 8
1690 32
1691 20
1692 34
1693 40
1694 25
1695 50
1696 43
1697 41
1699 40
1700 49
1702 50
1703 42
1704 28
1706 23
1707 38
1708 20
1709 50
1710 42
1711 38
1713 29
1714 50
1716 28
1717 50
1718 40
1719 30
1720 33
1721 41
1722 39
1723 34
1724 40
1725 31
1726 42
1727 50
1728 40
1729 25
1730 29
1731 45
1732 20
1733 49
1734 50
1735 39
1736 50
1737 50
1739 44
1741 39
1742 41
1743 50
1744 34
1745 27
1746 50
1747 20
1748 36
1749 47
1750 24
1752 39
1753 34
1754 37
1755 26
1756 26
1759 34
1760 28
1762 32
1763 32
1764 48
1765 50
1766 38
1767 43
1768 32
1769 50
1770 32
1772 25
1773 36
1775 14
1776 37
1777 50
1779 17
1780 37
1781 42
1782 7
1783 39
1784 46
1785 38
1786 45
1787 38
1788 34
1789 40
1790 23
1791 35
1792 44
1793 40
1794 48
1795 19
1796 48
1797 50
1799 29
1800 40
1801 34
1802 7
1803 20
1804 33
1805 24
1806 43
1809 38
1810 50
1811 40
1814 50
1815 31
1817 50
1819 42
1822 23
1824 26
1825 20
1826 24
1827 39
1828 50
1829 50
1830 42
1832 40
1833 50
1835 42
1836 33
1838 38
1843 28
1845 38
1847 25
1848 27
1849 20
1851 21
1852 45
1853 44
1854 45
1855 40
1856 50
1857 39
1858 20
1859 37
1860 48
1861 43
1862 35
1864 31
1865 37
1867 27
1868 43
1870 50
1872 31
1873 50
1874 35
1875 28
1876 43
1877 30
1878 45
1879 32
1880 50
1881 38
1882 35
1883 50
1884 27
1885 34
1886 29
1887 15
1890 40
1891 16
1892 50
1893 46
1894 40
1895 23
1896 32
1897 44
1898 30
1899 26
1901 28
1904 36
1906 46
1907 17
1909 41
1911 33
1913 30
1914 38
1915 32
1916 37
1917 33
1918 33
1919 41
1920 49
1922 50
1923 31
1924 23
1925 19
1926 43
1927 44
1928 32
1929 28
1930 39
1931 27
1932 35
1934 29
1935 45
1936 27
1937 48
1939 36
1940 42
1941 32
1942 13
1943 49
1944 50
1947 36
1948 17
1949 27
1951 42
1952 16
1953 37
1954 20
1955 29
1956 36
1957 33
1958 22
1959 34
1961 50
1962 27
1963 41
1964 29
1966 25
1967 36
1968 25
1969 29
1970 35
1971 32
1972 35
1973 50
1975 50
1979 35
1980 25
1981 36
1982 21
1983 28
1986 35
1987 23
1988 31
1989 50
1990 26
1992 21
1993 18
1994 37
1995 49
1996 50
1997 44
1998 26
1999 18
2000 30
2003 40
2004 46
2005 45
2006 48
2007 30
2008 43
2009 49
2011 38
2012 50
2014 42
2015 34
2017 26
2018 50
2020 32
2021 45
2022 28
2023 22
2024 36
2025 49
2026 2
2027 39
2028 27
2029 49
2030 24
2031 20
2032 46
2034 39
2035 49
2036 21
2038 36
2039 37
2042 35
2044 39
2045 36
2046 50
2047 25
2048 47
2049 39
2052 37
2053 49
2054 33
2055 50
2056 46
2057 45
2058 25
2059 39
2060 37
2061 35
2062 34
2063 44
2064 35
2065 8
2066 42
2069 41
2070 37
2071 27
2073 20
2074 31
2075 50
2076 30
2078 34
2079 18
2081 36
2082 50
2083 30
2084 50
2087 38
2088 33
2091 34
2092 35
2093 17
2094 28
2095 34
2096 40
2097 22
2098 50
2099 31
2102 17
2103 23
2106 50
2108 45
2109 49
2111 50
2112 45
2113 27
2114 36
2115 37
2116 42
2118 22
2119 36
2120 37
2121 28
2122 26
2123 50
2124 37
2126 40
2130 28
2131 45
2132 50
2133 36
2134 50
2135 32
2136 50
2137 27
2138 50
2139 50
2140 39
2141 50
2142 35
2143 33
2146 28
2148 45
2149 28
2150 44
2151 30
2153 33
2154 23
2155 41
2157 31
2158 40
2159 22
2161 44
2163 50
2164 46
2165 21
2166 38
2168 25
2169 16
2170 34
2171 33
2172 40
2173 50
2175 35
2177 39
2180 50
2181 50
2182 50
2187 50
2188 45
2189 41
2190 34
2191 17
2193 31
2195 45
2196 30
2197 41
2199 22
2200 45
2201 27
2202 36
2206 33
2207 38
2211 39
2212 20
2213 50
2215 25
2216 38
2217 37
2218 38
2220 50
2221 16
2223 41
2224 38
2226 25
2227 37
2230 34
2232 35
2233 48
2237 35
2238 43
2239 50
2240 38
2241 50
2242 25
2243 38
2245 42
2246 27
2247 21
2248 29
2250 36
2251 50
2252 34
2253 42
2256 50
2257 44
2258 50
2259 50
2260 17
2261 36
2262 42
2263 16
2264 30
2266 34
2268 23
2269 31
2272 33
2273 40
2278 41
2279 33
2280 43
2281 49
2282 50
2283 32
2284 35
2285 50
2288 20
2289 40
2290 43
2292 18
2293 50
2294 42
2296 27
2297 50
2298 31
2300 50
2301 26
2302 43
2303 24
2304 44
2306 37
2311 36
2312 44
2313 50
2315 29
2317 32
2318 50
2319 49
2320 43
2321 39
2322 33
2323 23
2324 39
2325 45
2326 50
2328 48
2330 33
2331 50
2332 25
2333 50
2334 35
2336 20
2337 33
2341 24
2348 41
2349 44
2354 40
2356 35
2357 42
2358 30
2359 35
2360 40
2361 50
2362 13
2364 50
2365 25
2366 50
2367 17
2368 50
2369 34
2371 40
2372 38
2374 19
2375 30
2376 42
2377 40
2378 50
2379 30
2380 46
2381 50
2382 50
2383 46
2384 26
2385 42
2387 32
2388 35
2389 41
2390 41
2392 29
2393 46
2394 30
2396 50
2397 50
2398 14
2399 44
2403 47
2404 48
2405 27
2409 50
2413 45
2414 36
2415 50
2416 29
2418 32
2420 50
2421 50
2423 37
2424 28
2425 32
2426 50
2427 50
2431 50
2432 22
2434 21
2435 19
2436 50
2439 26
2440 39
2441 30
2442 26
2443 22
2445 39
2446 30
2447 38
2448 45
2450 50
2451 29
2453 25
2454 29
2455 37
2456 39
2458 28
2460 32
2462 39
2463 41
2464 34
2465 18
2466 17
2467 50
2468 34
2469 45
2470 40
2472 50
2473 49
2474 20
2475 19
2476 37
2477 37
2478 42
2479 30
2484 50
2486 29
2488 27
2489 50
2490 31
2492 38
2494 32
2495 49
2496 48
2502 50
2503 44
2504 34
2505 50
2507 19
2509 50
2510 50
2512 27
2514 38
2515 50
2517 50
2518 29
2521 35
2522 50
2525 43
2527 30
2528 22
2530 35
2531 29
2532 29
2533 33
2535 32
2540 27
2542 42
2543 36
2545 39
2546 43
2548 49
2551 50
2552 30
2553 50
2554 44
2555 44
2556 50
2557 13
2558 20
2559 27
2562 34
2563 50
2564 25
2566 27
2570 30
2571 34
2574 24
2575 34
2576 50
2579 50
2580 42
2581 50
2586 50
2587 32
2589 35
2591 39
2593 34
2597 43
2598 37
2599 40
2603 50
2604 44
2606 38
2608 40
2611 50
2615 28
2619 50
2622 50
2624 39
2625 50
2627 42
2629 45
2631 42
2634 22
2635 35
2636 26
2637 20
2642 33
2643 35
2645 31
2646 38
2647 50
2649 50
2650 44
2651 42
2652 41
2653 39
2655 45
2657 43
2660 38
2661 50
2663 38
2664 49
2666 26
2667 25
2670 36
2671 50
2672 42
2673 39
2675 24
2676 42
2677 14
2678 28
2679 39
2680 19
2681 30
2682 50
2683 50
2684 25
2685 41
2689 50
2691 46
2692 31
2693 36
2694 35
2698 50
2699 48
2700 30
2702 21
2707 42
2708 36
2709 41
2710 30
2711 38
2718 42
2721 36
2722 38
2724 50
2725 40
2726 41
2727 50
2728 48
2729 44
2730 29
2731 43
2732 31
2737 47
2739 27
2741 36
2743 38
2745 33
2746 50
2747 36
2748 23
2750 31
2751 26
2753 42
2756 33
2757 28
2758 32
2759 50
2760 50
2761 27
2763 50
2765 43
2766 40
2769 21
2770 50
2772 45
2773 50
2775 46
2777 16
2779 29
2780 20
2781 38
2783 28
2784 32
2786 46
2787 41
2790 49
2791 50
2792 43
2794 39
2796 44
2797 30
2800 47
2804 26
2808 43
2809 50
2810 46
2811 26
2812 19
2813 34
2817 50
2818 43
2819 42
2820 39
2822 25
2823 28
2826 24
2829 50
2830 45
2832 50
2834 37
2835 34
2836 50
2838 25
2840 43
2841 34
2842 50
2845 50
2846 47
2848 39
2850 40
2851 48
2852 50
2853 39
2854 28
2855 39
2856 47
2859 49
2860 42
2862 45
2865 40
2876 50
2877 44
2878 50
2881 37
2882 39
2883 39
2885 41
2886 22
2888 33
2889 24
2891 50
2892 35
2893 32
2894 50
2895 47
2897 38
2898 40
2899 37
2902 29
2903 35
2904 36
2906 50
2909 21
2910 14
2911 50
2915 15
2916 30
2918 38
2919 43
2920 45
2921 50
2922 27
2928 41
2931 45
2932 45
2933 42
2934 50
2940 44
2942 21
2945 45
2950 38
2951 32
2953 36
2956 27
2961 41
2962 41
2965 46
2968 47
2969 48
2970 29
2973 30
2974 8
2975 47
2978 42
2979 50
2981 50
2984 50
2987 36
2988 38
2989 40
2992 43
2993 38
2994 30
2998 50
3002 43
3003 45
3005 37
3006 40
3008 50
3009 50
3010 41
3011 50
3012 50
3013 45
3016 45
3017 30
3018 27
3020 34
3021 39
3024 45
3026 32
3028 41
3029 34
3030 22
3031 50
3036 26
3037 30
3040 50
3042 40
3046 50
3047 34
3051 16
3053 41
3055 30
3056 50
3059 31
3061 33
3062 29
3065 49
3068 50
3069 42
3070 29
3071 50
3074 50
3075 37
3076 16
3079 33
3080 23
3082 39
3083 33
3088 50
3089 41
3091 50
3092 50
3094 32
3097 48
3098 40
3099 41
3101 19
3103 46
3104 24
3107 50
3108 36
3109 29
3110 35
3111 37
3112 50
3113 48
3115 44
3117 28
3118 50
3120 50
3124 20
3129 50
3130 28
3134 36
3137 22
3138 47
3140 50
3143 33
3150 49
3153 50
3155 38
3159 35
3160 34
3161 48
3163 50
3164 48
3165 50
3166 37
3167 50
3168 45
3170 24
3171 44
3172 37
3175 25
3176 30
3178 28
3180 38
3182 46
3185 50
3191 23
3192 39
3193 50
3195 40
3196 40
3198 25
3200 44
3203 45
3205 45
3206 33
3208 11
3213 30
3214 34
3216 32
3218 50
3219 50
3220 42
3221 34
3222 47
3225 42
3232 35
3234 46
3237 50
3239 37
3241 44
3243 41
3244 21
3245 21
3246 39
3247 50
3249 50
3251 40
3252 35
3256 39
3261 45
3262 33
3265 50
3269 46
3274 44
3279 24
3280 49
3283 48
3284 23
3288 50
3289 24
3290 22
3296 47
3297 38
3298 38
3299 21
3300 24
3301 50
3304 27
3305 40
3310 50
3316 45
3317 49
3318 32
3321 50
3323 34
3325 46
3326 50
3328 40
3329 50
3334 50
3335 46
3337 50
3339 25
3340 50
3341 40
3344 46
3347 50
3350 32
3351 37
3356 50
3357 33
3360 36
3363 28
3367 41
3375 17
3377 50
3380 50
3381 50
3382 35
3385 37
3387 45
3388 37
3389 38
3391 43
3396 38
3397 50
3399 41
3403 49
3406 38
3408 40
3409 37
3410 50
3413 50
3416 50
3420 50
3424 20
3429 39
3430 50
3431 43
3433 25
3434 50
3436 37
3437 38
3438 50
3439 25
3440 50
3441 50
3443 45
3445 39
3447 28
3448 31
3450 32
3453 32
3454 50
3462 43
3463 50
3466 49
3468 50
3469 50
3471 50
3473 45
3475 33
3476 44
3477 40
3479 34
3483 25
3484 41
3488 50
3489 50
3490 50
3491 50
3493 44
3495 39
3498 47
3499 50
3502 50
3503 44
3504 32
3505 33
3510 32
3512 47
3516 50
3517 49
3518 21
3519 50
3520 21
3526 37
3527 24
3529 39
3530 50
3531 18
3533 31
3535 48
3537 25
3540 37
3542 27
3549 50
3553 33
3556 37
3562 28
3563 29
3565 47
3567 38
3569 33
3571 50
3573 47
3576 50
3580 32
3581 32
3586 35
3590 28
3591 43
3594 50
3595 45
3597 48
3598 31
3601 33
3604 40
3610 31
3619 50
3620 45
3622 50
3623 49
3624 50
3625 50
3628 42
3632 46
3634 50
3640 40
3641 39
3642 50
3644 40
3645 35
3646 27
3649 50
3652 34
3653 23
3654 45
3660 37
3661 50
3662 50
3663 40
3667 43
3668 50
3670 47
3671 35
3674 36
3680 26
3687 32
3689 49
3691 24
3692 32
3693 31
3694 31
3696 37
3698 40
3701 50
3703 50
3709 50
3710 50
3711 50
3713 45
3714 39
3715 50
3718 37
3720 37
3732 50
3734 46
3736 25
3738 39
3739 37
3741 33
3742 44
3745 50
3746 50
3747 50
3748 38
3751 50
3752 50
3754 44
3755 45
3760 29
3763 50
3765 42
3766 32
3767 50
3772 34
3774 36
3777 42
3778 34
3782 31
3783 50
3789 23
3798 50
3799 50
3802 50
3809 50
3810 41
3812 50
3813 50
3814 47
3818 36
3819 35
3826 47
3829 44
3830 36
3831 50
3832 38
3833 50
3835 30
3836 29
3837 17
3838 45
3839 50
3843 31
3844 24
3845 39
3847 50
3848 33
3849 50
3852 35
3853 50
3856 21
3857 50
3864 50
3866 39
3867 33
3868 50
3869 27
3870 32
3872 50
3873 50
3878 31
3880 35
3881 26
3891 29
3894 45
3895 46
3897 36
3898 33
3901 50
3902 34
3903 50
3905 50
3908 50
3912 29
3913 30
3914 32
3918 50
3921 50
3922 35
3924 36
3928 46
3930 15
3932 47
3933 33
3936 30
3940 50
3944 29
3945 42
3946 33
3949 31
3950 38
3951 50
3953 45
3956 29
3962 47
3969 50
3972 50
3977 50
3979 50
3980 50
3981 50
3986 22
3988 41
3989 35
3992 25
3995 23
3998 26
4001 13
4004 34
4010 30
4012 48
4013 36
4016 50
4017 50
4020 50
4030 33
4034 47
4035 45
4037 39
4039 50
4041 46
4042 50
4044 50
4047 50
4050 45
4054 30
4060 50
4061 47
4064 5
4066 50
4067 50
4068 38
4070 50
4076 41
4078 34
4080 50
4081 36
4084 45
4085 44
4089 50
4090 50
4092 28
4102 50
4107 42
4118 50
4120 40
4123 43
4129 35
4131 38
4133 33
4134 50
4137 50
4145 50
4154 48
4158 50
4161 50
4164 32
4166 50
4168 37
4169 26
4170 50
4173 24
4176 26
4177 47
4178 35
4179 38
4182 40
4184 21
4189 32
4190 50
4194 39
4195 26
4196 50
4199 50
4200 50
4201 33
4203 45
4204 31
4205 42
4210 21
4211 27
4213 50
4222 50
4224 49
4230 45
4232 45
4234 38
4235 31
4240 34
4241 20
4249 50
4253 47
4255 50
4257 46
4259 50
4260 35
4262 36
4265 30
4266 23
4267 27
4269 50
4271 47
4273 29
4275 50
4280 37
4281 3
4286 37
4287 50
4289 34
4290 50
4292 50
4296 38
4299 24
4300 50
4304 29
4306 49
4310 50
4311 34
4312 47
4314 50
4321 47
4323 29
4326 35
4338 31
4342 38
4345 36
4346 50
4347 50
4352 50
4358 36
4360 49
4361 45
4365 28
4371 35
4372 50
4373 44
4389 50
4390 33
4391 49
4400 45
4403 37
4407 43
4408 50
4414 36
4416 32
4423 50
4424 42
4425 48
4426 43
4427 37
4432 50
4435 45
4438 31
4439 31
4442 50
4446 25
4447 50
4449 17
4452 25
4454 23
4456 33
4458 12
4459 50
4460 50
4467 43
4473 50
4475 41
4486 27
4493 50
4495 26
4509 50
4510 31
4512 39
4515 44
4523 49
4532 34
4534 50
4535 50
4539 50
4541 34
4542 45
4543 42
4545 50
4546 50
4548 46
4551 50
4552 32
4554 50
4555 41
4556 50
4558 19
4561 48
4564 17
4565 27
4566 23
4571 38
4572 50
4573 43
4579 31
4597 50
4603 50
4604 50
4606 19
4607 45
4608 49
4611 43
4614 50
4615 50
4618 50
4622 50
4628 43
4629 43
4630 50
4633 30
4634 50
4639 37
4641 46
4642 32
4646 50
4653 32
4656 45
4663 31
4665 38
4669 50
4672 50
4685 50
4689 29
4694 50
4695 47
4696 48
4697 50
4698 32
4699 38
4702 50
4705 36
4707 16
4709 27
4712 44
4713 50
4714 39
4721 50
4722 50
4724 50
4730 50
4731 43
4734 35
4738 30
4740 43
4743 28
4748 50
4750 48
4752 48
4756 44
4767 50
4770 37
4771 24
4772 29
4775 22
4776 22
4780 40
4784 49
4785 45
4788 34
4789 42
4790 50
4797 38
4801 48
4804 50
4805 50
4809 50
4810 50
4812 35
4814 24
4816 37
4818 50
4823 47
4824 32
4826 50
4830 22
4833 32
4838 41
4839 34
4843 50
4845 36
4855 50
4856 49
4860 50
4861 50
4866 15
4870 50
4879 50
4880 34
4881 32
4886 50
4887 40
4890 50
4893 30
4895 50
4902 35
4905 28
4906 36
4907 50
4909 50
4910 50
4916 50
4918 50
4919 50
4921 25
4922 50
4925 50
4926 50
4927 50
4931 50
4941 24
4942 50
4950 49
4951 49
4952 43
4963 50
4964 44
4966 50
4967 50
4972 50
4974 50
4977 50
4985 50
4986 37
4987 50
4996 50
4998 50
5004 42
5009 50
5015 27
5016 25
5022 50
5026 48
5031 28
5032 48
5036 50
5057 23
5061 50
5062 50
5064 36
5068 41
5069 39
5070 30
5076 49
5078 38
5085 46
5086 50
5087 50
5092 34
5103 44
5104 50
5120 50
5123 38
5127 25
5129 27
5130 50
5131 32
5134 50
5140 50
5145 50
5146 50
5151 28
5156 25
5161 50
5163 50
5165 49
5168 31
5174 49
5176 50
5181 49
5192 34
5198 28
5199 50
5208 50
5210 43
5214 40
5221 28
5223 25
5224 27
5232 44
5234 46
5240 39
5243 50
5245 34
5246 50
5249 50
5266 50
5272 36
5275 40
5277 50
5279 40
5283 39
5285 41
5286 29
5289 44
5300 24
5301 49
5305 50
5307 50
5310 50
5311 32
5312 39
5315 37
5317 31
5322 50
5323 50
5344 50
5345 35
5351 33
5370 31
5381 41
5385 50
5386 37
5387 50
5388 27
5389 50
5393 40
5398 32
5402 50
5410 50
5413 50
5415 31
5422 25
5429 36
5433 50
5443 50
5448 42
5459 32
5461 49
5462 50
5464 29
5466 27
5472 50
5475 42
5477 31
5480 32
5489 48
5490 47
5491 25
5492 49
5498 32
5512 33
5522 37
5524 31
5525 50
5529 50
5531 50
5535 50
5544 24
5549 43
5550 34
5554 38
5559 37
5562 50
5570 50
5585 50
5586 50
5589 38
5590 50
5593 37
5595 50
5601 50
5606 15
5627 26
5634 50
5649 29
5654 48
5657 50
5663 50
5674 27
5676 44
5678 50
5682 35
5689 50
5696 30
5697 37
5703 46
5705 41
5712 36
5715 50
5716 17
5721 50
5727 49
5728 50
5730 50
5734 15
5737 45
5740 36
5745 45
5746 49
5751 50
5754 40
5756 50
5759 21
5760 48
5761 31
5768 50
5774 50
5777 33
5781 38
5794 39
5797 31
5808 48
5810 46
5816 50
5817 50
5820 26
5827 50
5831 50
5832 44
5833 31
5844 33
5850 40
5852 50
5854 29
5860 24
5861 29
5865 16
5866 50
5871 47
5872 50
5873 45
5874 35
5878 45
5888 50
5889 50
5890 50
5891 14
5892 14
5893 38
5896 39
5906 45
5909 50
5911 50
5920 33
5930 38
5932 27
5936 50
5939 38
5943 32
5945 41
5951 39
5955 50
5960 37
5969 37
5973 50
5976 50
5979 37
5985 25
5989 37
5990 50
5993 50
5999 40
6000 40
6001 34
6005 50
6007 49
6016 50
6019 32
6032 20
6039 50
6047 50
6049 50
6054 32
6058 34
6069 50
6071 44
6080 36
6089 31
6090 49
6091 35
6093 49
6097 39
6099 18
6103 29
6106 47
6117 42
6122 50
6129 50
6130 14
6139 50
6140 38
6154 50
6167 50
6176 45
6178 30
6180 35
6182 50
6189 25
6190 50
6192 37
6200 40
6203 23
6206 42
6228 49
6235 23
6237 50
6241 50
6242 47
6249 37
6257 50
6260 50
6275 50
6276 50
6277 33
6285 50
6289 50
6294 50
6298 49
6301 31
6303 50
6305 31
6306 43
6309 50
6312 42
6314 50
6315 22
6317 49
6320 43
6326 37
6329 50
6330 41
6339 50
6350 40
6360 39
6362 44
6372 50
6377 38
6378 30
6386 39
6392 34
6393 50
6394 44
6395 50
6396 39
6398 50
6405 50
6413 50
6415 40
6417 50
6418 36
6433 46
6434 43
6437 50
6440 50
6447 38
6450 40
6453 21
6458 34
6464 48
6465 33
6469 40
6480 39
6484 39
6491 50
6492 50
6511 50
6514 33
6515 39
6519 30
6523 50
6525 50
6526 43
6527 40
6530 32
6555 20
6563 30
6570 50
6573 10
6584 39
6599 25
6618 50
6623 48
6630 38
6644 50
6660 42
6670 50
6677 28
6690 44
6691 36
6696 47
6697 50
6704 50
6730 47
6731 24
6735 47
6748 31
6749 34
6754 40
6767 50
6772 50
6781 50
6789 50
6796 49
6800 32
6805 34
6814 43
6815 19
6824 50
6827 28
6829 29
6837 50
6845 50
6849 50
6856 50
6871 50
6882 50
6883 50
6897 50
6919 50
6927 47
6934 31
6945 25
6961 37
6962 48
6967 43
6969 34
6973 50
6974 35
6977 50
6978 50
6982 18
6984 31
6988 39
6997 50
7013 50
7019 49
7030 26
7031 33
7041 40
7058 50
7067 20
7073 50
7079 50
7083 50
7084 50
7088 21
7102 50
7103 49
7104 50
7110 29
7115 34
7118 50
7122 35
7125 42
7127 50
7132 50
7139 36
7146 50
7148 20
7151 34
7159 50
7166 45
7173 50
7179 50
7183 48
7192 50
7199 28
7202 44
7205 50
7214 50
7231 31
7234 18
7236 50
7240 50
7242 50
7247 48
7255 39
7281 50
7284 48
7295 50
7298 24
7312 50
7315 22
7321 49
7326 40
7333 32
7344 31
7346 33
7348 50
7371 29
7373 30
7376 50
7382 50
7394 29
7399 22
7406 42
7430 50
7444 50
7448 50
7460 50
7468 50
7472 33
7476 33
7499 39
7508 32
7515 48
7526 34
7528 27
7529 50
7536 35
7546 34
7548 49
7551 45
7555 34
7558 38
7560 22
7561 43
7570 37
7582 46
7583 50
7590 50
7596 50
7602 50
7609 47
7629 43
7636 36
7642 31
7646 50
7652 39
7656 47
7667 50
7685 50
7686 50
7689 50
7693 25
7700 50
7702 50
7703 42
7718 50
7724 50
7725 39
7728 50
7733 33
7740 28
7743 41
7745 50
7754 50
7756 50
7759 41
7762 32
7764 50
7768 50
7776 38
7778 39
7787 50
7798 50
7821 50
7829 50
7831 50
7841 50
7845 41
7846 44
7851 50
7855 50
7867 50
7870 41
7871 50
7877 43
7881 39
7893 25
7899 28
7902 40
7910 49
7914 30
7918 37
7919 44
7925 33
7946 34
7962 50
7973 33
7982 50
7991 50
8010 49
8021 35
8030 47
8033 50
8042 50
8060 35
8065 47
8067 50
8072 50
8080 50
8084 50
8091 50
8125 50
8146 37
8151 50
8156 33
8163 42
8165 50
8179 50
8187 44
8199 44
8206 41
8217 50
8226 27
8243 12
8245 36
8261 45
8272 50
8273 50
8280 48
8306 45
8337 50
8343 50
8352 50
8356 50
8361 50
8364 50
8395 42
8396 27
8416 50
8421 22
8423 50
8437 44
8440 38
8459 50
8480 50
8481 50
8488 17
8502 18
8538 32
8547 50
8548 50
8568 50
8574 32
8597 50
8598 27
8603 26
8605 50
8610 50
8614 50
8615 50
8678 34
8685 42
8690 36
8692 50
8693 42
8697 50
8704 30
8718 28
8724 50
8728 50
8737 50
8739 26
8769 50
8774 50
8775 50
8781 50
8789 50
8793 50
8835 42
8839 26
8850 28
8851 50
8856 50
8861 50
8867 44
8871 38
8879 46
8887 36
8889 50
8923 33
8931 47
8935 50
8937 33
8941 45
8943 50
8954 50
8955 47
8956 50
8960 50
8969 37
8971 50
8972 16
8988 38
8994 30
9011 30
9016 42
9020 37
9029 32
9034 9
9035 42
9046 50
9080 28
9086 50
9091 50
9148 46
9165 50
9173 50
9186 42
9194 27
9201 50
9204 39
9209 42
9210 50
9236 50
9238 50
9249 33
9271 50
9294 48
9297 45
9299 41
9316 49
9333 47
9365 50
9377 26
9390 29
9394 50
9404 50
9405 50
9471 26
9508 50
9515 50
9544 50
9546 39
9547 43
9550 48
9551 46
9552 50
9562 50
9585 50
9602 50
9619 50
9628 50
9637 47
9641 49
9662 44
9696 40
9719 50
9727 34
9739 50
9757 50
9766 50
9780 31
9784 50
9787 50
9794 44
9823 50
9832 31
9835 24
9877 43
9880 35
9918 44
9923 50
9935 20
9957 50
9962 34
9965 50
9969 24
9975 34
9978 50
10006 50
10012 27
10020 50
10044 48
10047 50
10063 50
10064 50
10083 50
10108 37
10113 50
10119 39
10127 49
10128 25
10170 50
10174 36
10183 50
10192 50
10211 37
10219 31
10226 33
10232 15
10237 44
10242 24
10276 50
10278 50
10280 44
10283 50
10312 44
10319 50
10329 46
10331 31
10341 50
10377 50
10392 48
10399 41
10424 40
10431 50
10434 44
10440 48
10449 46
10460 50
10490 50
10498 50
10513 50
10515 50
10518 47
10523 50
10554 43
10569 50
10575 41
10587 49
10604 50
10613 50
10614 50
10615 31
10634 50
10645 50
10663 42
10672 50
10675 50
10699 50
10707 50
10728 25
10729 50
10731 37
10734 50
10759 50
10767 50
10783 50
10785 36
10791 50
10802 28
10807 36
10827 50
10833 45
10854 35
10876 50
10881 50
10887 23
10904 50
10946 50
10968 50
10997 50
11029 49
11064 44
11078 16
11085 39
11094 50
11100 50
11124 50
11137 50
11139 47
11176 31
11202 40
11221 50
11225 50
11237 50
11246 50
11249 25
11263 34
11269 46
11274 29
11278 50
11306 36
11318 43
11323 50
11332 50
11333 37
11335 39
11351 50
11365 50
11366 45
11385 48
11388 19
11413 37
11428 50
11433 50
11435 50
11436 50
11460 50
11497 50
11517 38
11537 50
11541 50
11545 35
11574 50
11625 37
11638 50
11671 50
11687 50
11711 50
11721 50
11726 35
11761 50
11763 50
11785 41
11808 47
11810 50
11816 50
11820 36
11848 50
11860 50
11875 32
11894 49
11903 45
11933 50
11953 50
11958 50
12000 50
12003 38
12040 50
12076 50
12080 38
12110 42
12148 50
12165 50
12168 50
12184 50
12192 34
12238 50
12242 30
12245 50
12248 50
12266 50
12278 50
12283 50
12289 50
12296 50
12317 37
12337 50
12344 50
12360 45
12383 42
12385 50
12402 50
12420 47
12421 45
12452 50
12454 50
12457 42
12467 50
12506 43
12514 37
12515 50
12517 50
12578 45
12583 43
12587 50
12594 50
12611 47
12615 50
12680 50
12682 50
12696 50
12703 50
12705 35
12716 50
12727 34
12733 36
12770 50
12771 50
12787 33
12797 22
12800 33
12802 49
12820 49
12838 50
12854 17
12879 31
12890 50
12905 50
12910 50
12923 50
12931 50
12938 38
12968 50
13042 50
13056 47
13091 50
13118 50
13127 50
13138 30
13178 50
13203 29
13225 50
13227 50
13237 46
13258 35
13329 50
13362 50
13369 50
13370 12
13391 50
13410 35
13427 50
13449 50
13473 50
13477 50
13506 44
13547 42
13553 50
13561 47
13567 50
13594 50
13626 50
13671 50
13674 50
13683 50
13724 50
13738 50
13759 34
13776 50
13788 50
13791 26
13813 50
13814 50
13831 50
13864 50
13881 32
13883 50
13903 16
13934 50
13941 50
13957 39
13987 42
14038 44
14061 50
14066 50
14083 50
14129 45
14144 27
14183 34
14197 50
14205 44
14260 45
14278 39
14288 50
14346 50
14355 29
14376 36
14385 50
14400 47
14442 50
14481 50
14495 47
14496 41
14525 33
14537 50
14540 50
14560 50
14575 50
14607 50
14689 50
14691 50
14721 27
14729 47
14732 50
14758 50
14765 50
14768 50
14771 28
14788 46
14789 50
14809 26
14820 23
14831 50
14833 50
14847 45
14849 50
14859 50
14864 19
14892 39
14899 50
14951 50
14975 50
15030 50
15070 50
15071 44
15075 50
15080 50
15093 50
15101 50
15113 50
15153 50
15163 50
15172 50
15175 50
15177 32
15178 50
15195 50
15197 50
15229 44
15234 48
15236 50
15307 42
15312 50
15321 50
15340 50
15344 50
15384 49
15401 50
15406 50
15432 49
15440 50
15446 50
15461 22
15493 50
15521 49
15567 50
15578 50
15595 31
15619 50
15630 43
15646 48
15659 37
15680 50
15709 50
15712 40
15770 50
15782 50
15783 46
15814 50
15820 50
15826 50
15839 50
15877 50
16029 50
16083 50
16086 34
16219 50
16225 50
16239 50
16249 26
16267 27
16270 50
16272 50
16273 41
16279 41
16312 50
16332 50
16370 49
16377 50
16379 39
16382 50
16385 50
16396 50
16414 50
16418 50
16438 42
16439 50
16465 50
16473 41
16478 50
16479 50
16493 48
16502 26
16505 49
16538 50
16560 50
16561 50
16569 50
16591 29
16637 50
16657 50
16703 50
16724 50
16741 50
16785 50
16798 50
16829 50
16854 48
16915 46
16950 50
17034 50
17036 44
17049 50
17055 50
17141 50
17172 50
17235 50
17284 50
17318 28
17410 46
17430 49
17463 50
17473 50
17505 36
17538 50
17543 50
17550 50
17615 50
17658 49
17699 50
17735 50
17766 50
17788 50
17932 50
17937 50
17999 48
18071 50
18107 48
18183 41
18218 50
18345 50
18381 50
18391 34
18430 50
18450 28
18531 45
18535 50
18649 50
18663 50
18689 50
18747 50
18803 50
18875 50
18888 50
18919 50
18969 49
18986 50
19004 50
19017 28
19027 50
19032 50
19042 33
19044 28
19109 43
19114 50
19128 39
19131 50
19166 50
19279 50
19291 50
19298 50
19330 50
19332 50
19348 48
19359 46
19477 48
19510 50
19533 49
19557 50
19560 47
19567 24
19569 40
19612 50
19682 25
19696 50
19763 46
19788 46
19801 50
19807 50
19821 48
19874 50
19875 50
19959 50
20005 50
20106 50
20170 50
20185 47
20205 50
20242 38
20320 41
20369 40
20377 50
20394 27
20437 50
20460 50
20469 42
20503 41
20515 29
20544 50
20603 50
20605 50
20628 39
20654 50
20690 34
20760 50
20771 50
20774 50
20786 40
20912 39
20945 50
20987 49
21018 50
21024 46
21071 48
21074 36
21087 50
21092 50
21141 50
21144 50
21163 50
21169 50
21183 25
21220 50
21430 50
21433 50
21438 47
21461 49
21507 50
21554 50
21589 50
21622 50
21626 50
21628 46
21657 39
21700 35
21753 47
21777 36
21817 50
22070 50
22074 50
22142 50
22176 50
22214 50
22237 50
22244 50
22280 50
22298 50
22385 50
22453 50
22461 50
22462 50
22470 50
22476 50
22568 36
22571 47
22670 50
22715 50
22737 40
22788 50
22829 50
22894 50
23106 50
23113 50
23127 43
23196 48
23221 47
23305 50
23310 37
23320 50
23395 50
23435 38
23465 50
23516 50
23535 50
23550 50
23613 50
23678 50
23761 50
23832 50
23896 50
23905 50
24094 50
24118 50
24204 37
24253 43
24306 43
24323 50
24382 50
24436 50
24466 50
24565 36
24571 50
24576 50
24587 50
24648 50
24794 50
24905 50
24993 50
25015 50
25025 50
25052 50
25173 50
25252 50
25326 50
25334 50
25538 50
25554 50
25572 50
25657 50
25676 47
25702 50
25715 50
25743 50
25793 50
25874 48
25966 50
26030 50
26135 50
26235 48
26529 40
26598 50
26621 50
26646 50
26728 36
26815 48
27022 37
27113 50
27166 49
27305 50
27316 50
27338 50
27395 50
27498 50
27658 50
27693 39
27841 50
27849 50
27863 50
28103 50
28129 50
28137 50
28202 47
28205 50
28227 50
28329 50
28396 50
28660 47
28671 46
28702 50
28710 38
28805 50
28958 50
29093 45
29189 50
29251 50
29272 50
29350 32
29451 50
29479 50
29492 50
29494 48
29515 50
29516 45
29607 44
29615 49
29647 50
29650 50
29657 50
29763 50
29852 50
29903 50
29956 38
29988 50
29993 50
30193 50
30365 50
30454 50
30456 50
30529 50
30590 47
30844 50
30983 50
31208 50
31231 50
31232 50
31264 41
31349 50
31362 50
31451 50
31528 50
31549 50
31559 50
31729 50
31870 50
31885 50
31920 50
32060 50
32095 50
32162 50
32338 50
32457 50
32552 50
32710 50
32899 45
32923 50
32999 50
33389 50
33443 50
33452 50
33771 50
33851 50
33879 50
33928 50
33955 50
33966 50
34001 48
34039 50
34302 50
34504 50
34575 50
34615 49
34821 48
34961 50
35005 50
35029 50
35036 50
35446 50
35538 50
35556 49
35613 50
35638 50
35740 50
35774 50
35800 50
35813 48
35818 50
35823 50
35851 50
35864 50
36006 50
36066 50
36113 49
36204 50
36780 37
36799 50
36802 50
37137 50
37191 50
37193 50
37341 50
37372 50
37467 50
37564 50
37593 50
37654 50
37785 50
37813 50
38010 26
38015 50
38073 50
38115 50
38307 46
38411 50
38427 50
38709 50
38812 50
38905 49
39255 50
39377 50
39516 50
39666 50
39953 50
40181 50
40487 50
40561 50
40636 50
41172 49
41183 50
41339 50
41444 46
41450 50
41480 50
41553 50
41873 50
41999 50
42017 50
42071 50
42107 50
42227 50
42637 50
42796 50
43161 50
43183 50
43445 50
43639 50
43831 50
43944 50
44064 50
44065 50
44141 50
44255 50
44332 50
44606 50
44619 50
44929 50
45664 50
45925 50
45974 50
46093 50
46379 50
46685 50
46731 50
46854 50
47402 50
47468 50
47483 50
47598 50
47741 50
47940 50
48192 50
48244 50
48361 50
48414 50
48517 50
48910 50
49076 50
49089 50
49320 50
49772 50
49801 50
49975 50
50161 50
50564 50
50586 47
50799 50
51064 50
51096 50
51182 50
51191 50
51201 50
51297 50
51757 50
51969 50
52006 50
52060 50
53062 50
53203 50
54638 50
54766 50
54825 50
55007 50
55531 50
55677 50
55700 50
56444 50
56515 49
56685 50
56876 50
57302 50
57315 50
57485 50
57791 50
57838 50
57940 50
57989 50
58110 50
59906 50
60269 50
60437 50
61053 50
61086 50
61803 50
61863 50
61918 50
62188 50
62578 50
62685 50
62719 50
63962 50
64304 50
64372 50
65554 50
66570 50
66815 50
66922 50
66966 50
67011 50
67130 50
67211 50
67307 50
67378 50
67972 50
68125 50
69862 50
70485 50
71614 50
71689 50
71977 50
72043 50
72643 50
72853 50
75239 50
76677 50
77484 50
77534 50
78682 50
80279 50
80588 50
81279 50
81956 50
82601 50
82974 50
82977 50
83177 50
83426 50
83780 50
83899 50
84555 50
84821 50
85366 50
85798 50
86578 50
88524 50
88558 50
88980 50
89417 50
89922 50
90158 50
90309 50
90341 50
92111 50
92542 50
92990 50
93679 50
93786 50
94031 50
94237 50
94578 50
94805 50
96037 50
96050 50
96644 50
98035 50
99001 50
99543 50
100068 50
101766 50
101872 50
103718 50
104170 50
105755 50
106679 50
108330 50
108678 50
109020 50
110124 50
111491 50
112703 50
113001 50
113042 50
114507 50
114895 50
115347 50
115901 50
117427 50
118196 50
119820 50
128138 50
134031 50
137023 50
138452 50
140977 50
144174 50
147850 50
161121 50
162936 50
163801 50
166373 50
167931 50
171307 50
171694 50
197481 50
222303 50
229257 50
270985 50
294720 50
